/*--------------------------------*- C++ -*----------------------------------*\
| =========                 |                                                 |
| \\      /  F ield         | OpenFOAM: The Open Source CFD Toolbox           |
|  \\    /   O peration     | Version:  2412                                  |
|   \\  /    A nd           | Website:  www.openfoam.com                      |
|    \\/     M anipulation  |                                                 |
\*---------------------------------------------------------------------------*/
FoamFile
{
    version     2.0;
    format      ascii;
    arch        "LSB;label=32;scalar=64";
    class       volScalarField;
    location    "100";
    object      p;
}
// * * * * * * * * * * * * * * * * * * * * * * * * * * * * * * * * * * * * * //

dimensions      [0 2 -2 0 0 0 0];

internalField   nonuniform List<scalar> 
4000
(
2.03658e-06
1.77629e-06
1.61123e-06
1.51725e-06
1.45381e-06
1.40683e-06
1.37351e-06
1.34955e-06
1.33105e-06
1.31566e-06
1.30209e-06
1.28959e-06
1.27778e-06
1.26641e-06
1.25539e-06
1.24461e-06
1.23406e-06
1.22368e-06
1.21347e-06
1.20341e-06
1.1935e-06
1.18372e-06
1.17406e-06
1.16453e-06
1.15513e-06
1.14583e-06
1.13666e-06
1.12759e-06
1.11862e-06
1.10976e-06
1.101e-06
1.09233e-06
1.08376e-06
1.07528e-06
1.06688e-06
1.05857e-06
1.05034e-06
1.04219e-06
1.03411e-06
1.02611e-06
1.01817e-06
1.01031e-06
1.00251e-06
9.94773e-07
9.87098e-07
9.79481e-07
9.71922e-07
9.64417e-07
9.56966e-07
9.49566e-07
9.42215e-07
9.34912e-07
9.27655e-07
9.20442e-07
9.13273e-07
9.06145e-07
8.99058e-07
8.9201e-07
8.85e-07
8.78026e-07
8.71089e-07
8.64186e-07
8.57317e-07
8.50482e-07
8.43678e-07
8.36907e-07
8.30167e-07
8.23457e-07
8.16776e-07
8.10124e-07
8.03501e-07
7.96904e-07
7.90332e-07
7.83786e-07
7.77262e-07
7.70761e-07
7.6428e-07
7.57818e-07
7.51372e-07
7.44943e-07
7.38528e-07
7.32126e-07
7.25734e-07
7.19353e-07
7.12981e-07
7.06617e-07
7.0026e-07
6.93909e-07
6.87564e-07
6.81224e-07
6.74889e-07
6.68559e-07
6.62232e-07
6.5591e-07
6.49592e-07
6.43277e-07
6.36966e-07
6.30659e-07
6.24355e-07
6.18055e-07
6.11758e-07
6.05466e-07
5.99176e-07
5.92891e-07
5.86609e-07
5.8033e-07
5.74055e-07
5.67784e-07
5.61516e-07
5.55252e-07
5.48991e-07
5.42733e-07
5.36479e-07
5.30228e-07
5.2398e-07
5.17735e-07
5.11494e-07
5.05256e-07
4.9902e-07
4.92788e-07
4.86559e-07
4.80333e-07
4.7411e-07
4.6789e-07
4.61673e-07
4.55459e-07
4.49248e-07
4.43039e-07
4.36832e-07
4.30628e-07
4.24426e-07
4.18226e-07
4.12028e-07
4.05832e-07
3.99638e-07
3.93445e-07
3.87255e-07
3.81066e-07
3.7488e-07
3.68697e-07
3.62518e-07
3.56342e-07
3.50172e-07
3.44007e-07
3.37848e-07
3.31695e-07
3.25548e-07
3.19407e-07
3.13272e-07
3.07143e-07
3.01021e-07
2.94905e-07
2.88794e-07
2.82686e-07
2.7658e-07
2.70477e-07
2.64377e-07
2.58284e-07
2.52198e-07
2.46118e-07
2.40043e-07
2.3397e-07
2.27899e-07
2.21828e-07
2.15761e-07
2.097e-07
2.0364e-07
1.97579e-07
1.91517e-07
1.85453e-07
1.79386e-07
1.73316e-07
1.67244e-07
1.61172e-07
1.55101e-07
1.4903e-07
1.42958e-07
1.36884e-07
1.30808e-07
1.24727e-07
1.18644e-07
1.1256e-07
1.06474e-07
1.00386e-07
9.42997e-08
8.82143e-08
8.21313e-08
7.60516e-08
6.99719e-08
6.38907e-08
5.78113e-08
5.17349e-08
4.56544e-08
3.95651e-08
3.34717e-08
2.73785e-08
2.1286e-08
1.51992e-08
9.12215e-09
3.04212e-09
1.78427e-06
1.66635e-06
1.56423e-06
1.50094e-06
1.4547e-06
1.41386e-06
1.38264e-06
1.35846e-06
1.33876e-06
1.32197e-06
1.30715e-06
1.29365e-06
1.28105e-06
1.26909e-06
1.25761e-06
1.24649e-06
1.23565e-06
1.22506e-06
1.21468e-06
1.20448e-06
1.19444e-06
1.18456e-06
1.17483e-06
1.16523e-06
1.15576e-06
1.14642e-06
1.13719e-06
1.12808e-06
1.11908e-06
1.11019e-06
1.1014e-06
1.09271e-06
1.08411e-06
1.07561e-06
1.0672e-06
1.05887e-06
1.05062e-06
1.04246e-06
1.03437e-06
1.02635e-06
1.0184e-06
1.01053e-06
1.00272e-06
9.94973e-07
9.87289e-07
9.79664e-07
9.72097e-07
9.64585e-07
9.57126e-07
9.49719e-07
9.42362e-07
9.35053e-07
9.2779e-07
9.20572e-07
9.13398e-07
9.06265e-07
8.99173e-07
8.9212e-07
8.85106e-07
8.78128e-07
8.71186e-07
8.64279e-07
8.57407e-07
8.50567e-07
8.4376e-07
8.36985e-07
8.30241e-07
8.23527e-07
8.16843e-07
8.10187e-07
8.0356e-07
7.96959e-07
7.90384e-07
7.83834e-07
7.77307e-07
7.70802e-07
7.64318e-07
7.57853e-07
7.51405e-07
7.44973e-07
7.38556e-07
7.32151e-07
7.25758e-07
7.19376e-07
7.13002e-07
7.06637e-07
7.00279e-07
6.93927e-07
6.87581e-07
6.81241e-07
6.74905e-07
6.68574e-07
6.62247e-07
6.55925e-07
6.49606e-07
6.43291e-07
6.3698e-07
6.30672e-07
6.24368e-07
6.18068e-07
6.11771e-07
6.05478e-07
5.99189e-07
5.92903e-07
5.86621e-07
5.80342e-07
5.74067e-07
5.67796e-07
5.61528e-07
5.55264e-07
5.49003e-07
5.42745e-07
5.36491e-07
5.30239e-07
5.23991e-07
5.17747e-07
5.11505e-07
5.05267e-07
4.99032e-07
4.928e-07
4.86571e-07
4.80345e-07
4.74122e-07
4.67902e-07
4.61685e-07
4.55471e-07
4.49259e-07
4.4305e-07
4.36844e-07
4.3064e-07
4.24438e-07
4.18238e-07
4.12041e-07
4.05845e-07
3.99651e-07
3.93458e-07
3.87268e-07
3.8108e-07
3.74895e-07
3.68712e-07
3.62533e-07
3.56357e-07
3.50186e-07
3.44021e-07
3.37861e-07
3.31708e-07
3.25559e-07
3.19417e-07
3.1328e-07
3.07151e-07
3.01028e-07
2.94912e-07
2.888e-07
2.82692e-07
2.76587e-07
2.70483e-07
2.64381e-07
2.58284e-07
2.52194e-07
2.46112e-07
2.40039e-07
2.33969e-07
2.27897e-07
2.21823e-07
2.15756e-07
2.09697e-07
2.03638e-07
1.97577e-07
1.91515e-07
1.8545e-07
1.79382e-07
1.7331e-07
1.67236e-07
1.61164e-07
1.55094e-07
1.49023e-07
1.42952e-07
1.36881e-07
1.30807e-07
1.24728e-07
1.18644e-07
1.12559e-07
1.06471e-07
1.00383e-07
9.42982e-08
8.82134e-08
8.21302e-08
7.60507e-08
6.99704e-08
6.38881e-08
5.78112e-08
5.17401e-08
4.56611e-08
3.95696e-08
3.34741e-08
2.73798e-08
2.12847e-08
1.51959e-08
9.12137e-09
3.04177e-09
1.65464e-06
1.60693e-06
1.54989e-06
1.50348e-06
1.46224e-06
1.42463e-06
1.39405e-06
1.36867e-06
1.34741e-06
1.32918e-06
1.31311e-06
1.29857e-06
1.28512e-06
1.27249e-06
1.26045e-06
1.24888e-06
1.23769e-06
1.2268e-06
1.21617e-06
1.20577e-06
1.19557e-06
1.18556e-06
1.17571e-06
1.16601e-06
1.15647e-06
1.14705e-06
1.13777e-06
1.12861e-06
1.11957e-06
1.11064e-06
1.10181e-06
1.09309e-06
1.08447e-06
1.07595e-06
1.06751e-06
1.05916e-06
1.0509e-06
1.04272e-06
1.03461e-06
1.02658e-06
1.01863e-06
1.01074e-06
1.00292e-06
9.95163e-07
9.8747e-07
9.79836e-07
9.72261e-07
9.64741e-07
9.57276e-07
9.49862e-07
9.42499e-07
9.35183e-07
9.27915e-07
9.20692e-07
9.13512e-07
9.06375e-07
8.99278e-07
8.92221e-07
8.85202e-07
8.7822e-07
8.71274e-07
8.64363e-07
8.57487e-07
8.50644e-07
8.43833e-07
8.37054e-07
8.30306e-07
8.23589e-07
8.16901e-07
8.10242e-07
8.03611e-07
7.97007e-07
7.90429e-07
7.83875e-07
7.77346e-07
7.70838e-07
7.64351e-07
7.57884e-07
7.51434e-07
7.45e-07
7.38581e-07
7.32174e-07
7.2578e-07
7.19396e-07
7.13021e-07
7.06655e-07
7.00296e-07
6.93944e-07
6.87597e-07
6.81256e-07
6.7492e-07
6.68588e-07
6.62261e-07
6.55938e-07
6.49619e-07
6.43304e-07
6.36993e-07
6.30685e-07
6.24381e-07
6.1808e-07
6.11783e-07
6.0549e-07
5.99201e-07
5.92915e-07
5.86632e-07
5.80354e-07
5.74078e-07
5.67807e-07
5.61539e-07
5.55274e-07
5.49013e-07
5.42756e-07
5.36501e-07
5.3025e-07
5.24002e-07
5.17757e-07
5.11515e-07
5.05277e-07
4.99042e-07
4.9281e-07
4.86581e-07
4.80355e-07
4.74133e-07
4.67913e-07
4.61696e-07
4.55482e-07
4.4927e-07
4.43062e-07
4.36855e-07
4.30651e-07
4.2445e-07
4.1825e-07
4.12053e-07
4.05857e-07
3.99663e-07
3.93471e-07
3.87281e-07
3.81092e-07
3.74907e-07
3.68724e-07
3.62545e-07
3.5637e-07
3.50199e-07
3.44033e-07
3.37873e-07
3.31719e-07
3.2557e-07
3.19426e-07
3.13285e-07
3.07155e-07
3.01033e-07
2.94917e-07
2.88803e-07
2.82695e-07
2.76593e-07
2.7049e-07
2.64387e-07
2.58286e-07
2.52191e-07
2.46101e-07
2.40028e-07
2.33964e-07
2.27893e-07
2.21812e-07
2.15745e-07
2.09694e-07
2.03638e-07
1.97578e-07
1.91515e-07
1.85452e-07
1.79384e-07
1.73305e-07
1.67226e-07
1.61155e-07
1.55086e-07
1.49015e-07
1.42945e-07
1.36876e-07
1.30806e-07
1.24732e-07
1.18647e-07
1.12559e-07
1.06468e-07
1.00382e-07
9.4303e-08
8.82138e-08
8.21295e-08
7.60523e-08
6.99709e-08
6.3884e-08
5.78065e-08
5.17417e-08
4.56642e-08
3.95723e-08
3.34775e-08
2.73843e-08
2.12851e-08
1.51963e-08
9.13085e-09
3.04513e-09
1.58959e-06
1.56695e-06
1.53051e-06
1.49456e-06
1.46063e-06
1.42912e-06
1.40122e-06
1.37708e-06
1.35584e-06
1.33699e-06
1.32005e-06
1.30456e-06
1.29022e-06
1.2768e-06
1.26409e-06
1.25196e-06
1.2403e-06
1.22902e-06
1.21807e-06
1.2074e-06
1.19698e-06
1.18677e-06
1.17677e-06
1.16694e-06
1.15729e-06
1.14778e-06
1.13842e-06
1.12919e-06
1.12009e-06
1.11111e-06
1.10225e-06
1.09349e-06
1.08484e-06
1.07628e-06
1.06782e-06
1.05945e-06
1.05117e-06
1.04297e-06
1.03485e-06
1.0268e-06
1.01883e-06
1.01093e-06
1.0031e-06
9.95334e-07
9.87632e-07
9.7999e-07
9.72406e-07
9.64879e-07
9.57407e-07
9.49986e-07
9.42617e-07
9.35296e-07
9.28022e-07
9.20794e-07
9.13609e-07
9.06467e-07
8.99366e-07
8.92305e-07
8.85282e-07
8.78296e-07
8.71347e-07
8.64433e-07
8.57553e-07
8.50706e-07
8.43892e-07
8.3711e-07
8.30359e-07
8.23639e-07
8.16948e-07
8.10286e-07
8.03653e-07
7.97046e-07
7.90466e-07
7.8391e-07
7.77378e-07
7.70869e-07
7.6438e-07
7.57911e-07
7.51459e-07
7.45023e-07
7.38603e-07
7.32195e-07
7.258e-07
7.19415e-07
7.13039e-07
7.06672e-07
7.00312e-07
6.93958e-07
6.87611e-07
6.8127e-07
6.74933e-07
6.68601e-07
6.62273e-07
6.5595e-07
6.49631e-07
6.43315e-07
6.37003e-07
6.30695e-07
6.24391e-07
6.1809e-07
6.11793e-07
6.055e-07
5.9921e-07
5.92924e-07
5.86641e-07
5.80362e-07
5.74087e-07
5.67815e-07
5.61547e-07
5.55282e-07
5.49021e-07
5.42764e-07
5.36509e-07
5.30258e-07
5.2401e-07
5.17765e-07
5.11523e-07
5.05285e-07
4.99049e-07
4.92817e-07
4.86589e-07
4.80363e-07
4.74141e-07
4.67921e-07
4.61704e-07
4.5549e-07
4.4928e-07
4.43071e-07
4.36865e-07
4.30661e-07
4.24459e-07
4.18259e-07
4.12062e-07
4.05867e-07
3.99673e-07
3.93481e-07
3.8729e-07
3.81101e-07
3.74914e-07
3.68731e-07
3.62552e-07
3.56377e-07
3.50207e-07
3.44042e-07
3.37883e-07
3.3173e-07
3.25581e-07
3.19434e-07
3.13291e-07
3.07156e-07
3.01032e-07
2.94922e-07
2.88801e-07
2.82694e-07
2.76593e-07
2.70489e-07
2.64401e-07
2.58304e-07
2.52197e-07
2.46091e-07
2.40021e-07
2.33954e-07
2.27871e-07
2.21797e-07
2.15741e-07
2.09692e-07
2.03641e-07
1.97586e-07
1.91516e-07
1.85456e-07
1.79395e-07
1.73303e-07
1.67211e-07
1.61145e-07
1.55083e-07
1.49004e-07
1.42929e-07
1.3687e-07
1.30801e-07
1.24731e-07
1.18648e-07
1.12551e-07
1.06464e-07
1.0038e-07
9.43062e-08
8.8221e-08
8.21294e-08
7.60522e-08
6.99759e-08
6.38829e-08
5.77975e-08
5.17375e-08
4.56577e-08
3.95656e-08
3.34816e-08
2.73921e-08
2.12892e-08
1.51975e-08
9.13472e-09
3.04568e-09
1.5468e-06
1.5339e-06
1.51092e-06
1.48421e-06
1.45691e-06
1.431e-06
1.40657e-06
1.38383e-06
1.36294e-06
1.34398e-06
1.32669e-06
1.31076e-06
1.29582e-06
1.28176e-06
1.26842e-06
1.25571e-06
1.24353e-06
1.2318e-06
1.22046e-06
1.20946e-06
1.19876e-06
1.18833e-06
1.17812e-06
1.16813e-06
1.15833e-06
1.1487e-06
1.13924e-06
1.12992e-06
1.12075e-06
1.1117e-06
1.10278e-06
1.09397e-06
1.08528e-06
1.07668e-06
1.06819e-06
1.05979e-06
1.05148e-06
1.04326e-06
1.03512e-06
1.02706e-06
1.01907e-06
1.01115e-06
1.00331e-06
9.9553e-07
9.87816e-07
9.80163e-07
9.7257e-07
9.65034e-07
9.57553e-07
9.50125e-07
9.42748e-07
9.3542e-07
9.2814e-07
9.20906e-07
9.13716e-07
9.06569e-07
8.99463e-07
8.92397e-07
8.8537e-07
8.7838e-07
8.71426e-07
8.64508e-07
8.57625e-07
8.50774e-07
8.43957e-07
8.37172e-07
8.30418e-07
8.23695e-07
8.17001e-07
8.10337e-07
8.03701e-07
7.97092e-07
7.90509e-07
7.83951e-07
7.77417e-07
7.70905e-07
7.64415e-07
7.57943e-07
7.51489e-07
7.45052e-07
7.38629e-07
7.3222e-07
7.25823e-07
7.19436e-07
7.13059e-07
7.06691e-07
7.0033e-07
6.93975e-07
6.87627e-07
6.81285e-07
6.74947e-07
6.68615e-07
6.62286e-07
6.55963e-07
6.49643e-07
6.43327e-07
6.37015e-07
6.30706e-07
6.24401e-07
6.181e-07
6.11803e-07
6.05509e-07
5.99219e-07
5.92933e-07
5.8665e-07
5.80371e-07
5.74096e-07
5.67824e-07
5.61555e-07
5.5529e-07
5.49029e-07
5.42771e-07
5.36516e-07
5.30265e-07
5.24018e-07
5.17773e-07
5.11531e-07
5.05292e-07
4.99056e-07
4.92823e-07
4.86594e-07
4.80369e-07
4.74148e-07
4.67929e-07
4.61712e-07
4.55498e-07
4.49287e-07
4.43078e-07
4.36873e-07
4.3067e-07
4.24468e-07
4.18267e-07
4.12069e-07
4.05874e-07
3.99681e-07
3.9349e-07
3.87299e-07
3.81109e-07
3.7492e-07
3.68734e-07
3.62554e-07
3.5638e-07
3.50213e-07
3.44051e-07
3.37894e-07
3.31743e-07
3.25596e-07
3.19445e-07
3.13294e-07
3.07154e-07
3.0103e-07
2.94928e-07
2.88797e-07
2.82669e-07
2.76586e-07
2.70498e-07
2.64405e-07
2.58304e-07
2.522e-07
2.46109e-07
2.40036e-07
2.3394e-07
2.27849e-07
2.21799e-07
2.15748e-07
2.09695e-07
2.03656e-07
1.97609e-07
1.91516e-07
1.8543e-07
1.79386e-07
1.733e-07
1.67195e-07
1.61133e-07
1.55068e-07
1.48993e-07
1.42914e-07
1.36855e-07
1.30803e-07
1.24728e-07
1.18641e-07
1.12528e-07
1.0644e-07
1.00379e-07
9.4307e-08
8.82291e-08
8.21343e-08
7.60459e-08
6.99803e-08
6.38894e-08
5.77963e-08
5.17364e-08
4.56506e-08
3.95541e-08
3.34797e-08
2.73929e-08
2.12924e-08
1.52016e-08
9.13225e-09
3.04382e-09
1.51772e-06
1.50971e-06
1.49414e-06
1.47424e-06
1.45287e-06
1.43093e-06
1.40905e-06
1.38798e-06
1.36837e-06
1.34998e-06
1.3326e-06
1.31621e-06
1.30079e-06
1.28625e-06
1.27252e-06
1.25941e-06
1.24684e-06
1.23473e-06
1.22303e-06
1.21172e-06
1.20074e-06
1.19006e-06
1.17965e-06
1.16947e-06
1.15952e-06
1.14976e-06
1.14018e-06
1.13076e-06
1.1215e-06
1.11238e-06
1.1034e-06
1.09454e-06
1.08579e-06
1.07715e-06
1.06862e-06
1.06019e-06
1.05185e-06
1.0436e-06
1.03544e-06
1.02735e-06
1.01934e-06
1.01141e-06
1.00355e-06
9.95757e-07
9.88029e-07
9.80364e-07
9.72759e-07
9.65213e-07
9.57722e-07
9.50285e-07
9.42899e-07
9.35564e-07
9.28277e-07
9.21035e-07
9.13839e-07
9.06686e-07
8.99574e-07
8.92503e-07
8.85471e-07
8.78476e-07
8.71518e-07
8.64596e-07
8.57708e-07
8.50855e-07
8.44034e-07
8.37246e-07
8.30489e-07
8.23762e-07
8.17066e-07
8.10399e-07
8.0376e-07
7.97148e-07
7.90562e-07
7.84002e-07
7.77465e-07
7.70951e-07
7.64457e-07
7.57983e-07
7.51527e-07
7.45087e-07
7.38662e-07
7.32251e-07
7.25851e-07
7.19463e-07
7.13084e-07
7.06714e-07
7.00351e-07
6.93995e-07
6.87646e-07
6.81302e-07
6.74964e-07
6.6863e-07
6.62301e-07
6.55977e-07
6.49656e-07
6.4334e-07
6.37027e-07
6.30718e-07
6.24413e-07
6.18111e-07
6.11813e-07
6.05519e-07
5.99229e-07
5.92942e-07
5.86659e-07
5.8038e-07
5.74104e-07
5.67832e-07
5.61563e-07
5.55298e-07
5.49036e-07
5.42778e-07
5.36523e-07
5.30272e-07
5.24025e-07
5.1778e-07
5.11538e-07
5.05299e-07
4.99062e-07
4.92829e-07
4.866e-07
4.80374e-07
4.74153e-07
4.67935e-07
4.6172e-07
4.55511e-07
4.49298e-07
4.43084e-07
4.36879e-07
4.30678e-07
4.24476e-07
4.18275e-07
4.12076e-07
4.05879e-07
3.99686e-07
3.93497e-07
3.87309e-07
3.8112e-07
3.74927e-07
3.68736e-07
3.6255e-07
3.56377e-07
3.50216e-07
3.44061e-07
3.37908e-07
3.31763e-07
3.25617e-07
3.19459e-07
3.13301e-07
3.07154e-07
3.01025e-07
2.94912e-07
2.88791e-07
2.82678e-07
2.76588e-07
2.70499e-07
2.64402e-07
2.58301e-07
2.52198e-07
2.46104e-07
2.40019e-07
2.33932e-07
2.27856e-07
2.21799e-07
2.15745e-07
2.09695e-07
2.03647e-07
1.97591e-07
1.91512e-07
1.85431e-07
1.79367e-07
1.73291e-07
1.67212e-07
1.61151e-07
1.55067e-07
1.4898e-07
1.42894e-07
1.36818e-07
1.30776e-07
1.24704e-07
1.1861e-07
1.12516e-07
1.06435e-07
1.00365e-07
9.42913e-08
8.82176e-08
8.21332e-08
7.60533e-08
6.99821e-08
6.38907e-08
5.78004e-08
5.17287e-08
4.56382e-08
3.95489e-08
3.34704e-08
2.73857e-08
2.12992e-08
1.52113e-08
9.12573e-09
3.03934e-09
1.49799e-06
1.49249e-06
1.4812e-06
1.46573e-06
1.44803e-06
1.42913e-06
1.40982e-06
1.39074e-06
1.37215e-06
1.35417e-06
1.33692e-06
1.32053e-06
1.30503e-06
1.29027e-06
1.27618e-06
1.26266e-06
1.24971e-06
1.23727e-06
1.22532e-06
1.21378e-06
1.20259e-06
1.19171e-06
1.18112e-06
1.17079e-06
1.16069e-06
1.15081e-06
1.14112e-06
1.13162e-06
1.12227e-06
1.11308e-06
1.10404e-06
1.09512e-06
1.08632e-06
1.07765e-06
1.06908e-06
1.06061e-06
1.05224e-06
1.04396e-06
1.03577e-06
1.02767e-06
1.01964e-06
1.01169e-06
1.00381e-06
9.96e-07
9.88258e-07
9.80579e-07
9.72963e-07
9.65405e-07
9.57903e-07
9.50457e-07
9.43063e-07
9.35719e-07
9.28423e-07
9.21175e-07
9.13972e-07
9.06812e-07
8.99695e-07
8.92618e-07
8.8558e-07
8.78581e-07
8.71619e-07
8.64692e-07
8.57801e-07
8.50943e-07
8.44119e-07
8.37327e-07
8.30567e-07
8.23838e-07
8.17138e-07
8.10468e-07
8.03826e-07
7.97211e-07
7.90623e-07
7.84059e-07
7.7752e-07
7.71002e-07
7.64506e-07
7.58029e-07
7.51569e-07
7.45127e-07
7.38699e-07
7.32285e-07
7.25883e-07
7.19492e-07
7.13111e-07
7.06739e-07
7.00375e-07
6.94018e-07
6.87667e-07
6.81322e-07
6.74982e-07
6.68648e-07
6.62318e-07
6.55992e-07
6.49671e-07
6.43354e-07
6.37041e-07
6.30731e-07
6.24425e-07
6.18123e-07
6.11825e-07
6.0553e-07
5.99239e-07
5.92952e-07
5.86668e-07
5.80389e-07
5.74113e-07
5.6784e-07
5.61571e-07
5.55305e-07
5.49043e-07
5.42784e-07
5.36529e-07
5.30278e-07
5.24031e-07
5.17786e-07
5.11544e-07
5.05305e-07
4.99068e-07
4.92834e-07
4.86605e-07
4.80378e-07
4.74156e-07
4.67936e-07
4.61717e-07
4.55514e-07
4.4931e-07
4.43091e-07
4.36883e-07
4.30683e-07
4.24483e-07
4.18281e-07
4.12083e-07
4.05885e-07
3.9969e-07
3.935e-07
3.87318e-07
3.81134e-07
3.74942e-07
3.68741e-07
3.62543e-07
3.56364e-07
3.50211e-07
3.4407e-07
3.37924e-07
3.31791e-07
3.25647e-07
3.19476e-07
3.13305e-07
3.07152e-07
3.01021e-07
2.94904e-07
2.88783e-07
2.82673e-07
2.76587e-07
2.70502e-07
2.64404e-07
2.58296e-07
2.52187e-07
2.46089e-07
2.40005e-07
2.33928e-07
2.27855e-07
2.21791e-07
2.15736e-07
2.0969e-07
2.03639e-07
1.97582e-07
1.91512e-07
1.85434e-07
1.79357e-07
1.73275e-07
1.67201e-07
1.61141e-07
1.55064e-07
1.48961e-07
1.42862e-07
1.36784e-07
1.3074e-07
1.2468e-07
1.18593e-07
1.12507e-07
1.06429e-07
1.00356e-07
9.42812e-08
8.82079e-08
8.21325e-08
7.60551e-08
6.99733e-08
6.3885e-08
5.77965e-08
5.17105e-08
4.56212e-08
3.95352e-08
3.34597e-08
2.73857e-08
2.13013e-08
1.52085e-08
9.10629e-09
3.03013e-09
1.48483e-06
1.48066e-06
1.47182e-06
1.45913e-06
1.44398e-06
1.42729e-06
1.40975e-06
1.39191e-06
1.37417e-06
1.35678e-06
1.33996e-06
1.32377e-06
1.3082e-06
1.29326e-06
1.27891e-06
1.26517e-06
1.25202e-06
1.2394e-06
1.22725e-06
1.2155e-06
1.20412e-06
1.19308e-06
1.18235e-06
1.1719e-06
1.16169e-06
1.15171e-06
1.14194e-06
1.13236e-06
1.12295e-06
1.1137e-06
1.1046e-06
1.09564e-06
1.08681e-06
1.07809e-06
1.06949e-06
1.06099e-06
1.0526e-06
1.04429e-06
1.03608e-06
1.02796e-06
1.01991e-06
1.01194e-06
1.00405e-06
9.96227e-07
9.88472e-07
9.80782e-07
9.73155e-07
9.65586e-07
9.58076e-07
9.5062e-07
9.43218e-07
9.35866e-07
9.28564e-07
9.21308e-07
9.14099e-07
9.06933e-07
8.9981e-07
8.92728e-07
8.85686e-07
8.78682e-07
8.71715e-07
8.64785e-07
8.5789e-07
8.51029e-07
8.44201e-07
8.37406e-07
8.30643e-07
8.23911e-07
8.17209e-07
8.10535e-07
8.03891e-07
7.97273e-07
7.90682e-07
7.84115e-07
7.77573e-07
7.71052e-07
7.64553e-07
7.58073e-07
7.51611e-07
7.45166e-07
7.38735e-07
7.32319e-07
7.25914e-07
7.19522e-07
7.13139e-07
7.06765e-07
7.00399e-07
6.9404e-07
6.87688e-07
6.81342e-07
6.75001e-07
6.68666e-07
6.62335e-07
6.56008e-07
6.49686e-07
6.43368e-07
6.37055e-07
6.30745e-07
6.24438e-07
6.18135e-07
6.11835e-07
6.0554e-07
5.99248e-07
5.92961e-07
5.86677e-07
5.80397e-07
5.7412e-07
5.67847e-07
5.61577e-07
5.55311e-07
5.49048e-07
5.42789e-07
5.36534e-07
5.30282e-07
5.24035e-07
5.17791e-07
5.11549e-07
5.05309e-07
4.99072e-07
4.92838e-07
4.86608e-07
4.80382e-07
4.7416e-07
4.67943e-07
4.61725e-07
4.55512e-07
4.49302e-07
4.4309e-07
4.36886e-07
4.30686e-07
4.24485e-07
4.18284e-07
4.12086e-07
4.0589e-07
3.99694e-07
3.93502e-07
3.8732e-07
3.81137e-07
3.74949e-07
3.68748e-07
3.62537e-07
3.56345e-07
3.502e-07
3.4408e-07
3.37926e-07
3.31826e-07
3.25705e-07
3.19488e-07
3.13291e-07
3.07137e-07
3.01023e-07
2.94904e-07
2.88764e-07
2.82657e-07
2.76587e-07
2.70513e-07
2.64417e-07
2.58302e-07
2.52176e-07
2.46068e-07
2.39982e-07
2.33918e-07
2.27852e-07
2.21785e-07
2.15727e-07
2.09685e-07
2.03634e-07
1.97585e-07
1.91526e-07
1.85446e-07
1.79362e-07
1.73263e-07
1.67181e-07
1.61133e-07
1.55068e-07
1.48946e-07
1.42823e-07
1.36738e-07
1.30714e-07
1.24668e-07
1.18572e-07
1.12482e-07
1.06411e-07
1.00347e-07
9.42704e-08
8.81977e-08
8.21331e-08
7.60622e-08
6.99708e-08
6.38888e-08
5.78003e-08
5.16983e-08
4.5606e-08
3.95158e-08
3.34468e-08
2.73837e-08
2.12976e-08
1.52012e-08
9.08031e-09
3.0192e-09
1.4767e-06
1.47328e-06
1.46575e-06
1.45469e-06
1.44113e-06
1.42583e-06
1.40943e-06
1.39245e-06
1.37534e-06
1.35837e-06
1.34177e-06
1.32565e-06
1.31008e-06
1.2951e-06
1.28071e-06
1.26691e-06
1.25366e-06
1.2409e-06
1.22858e-06
1.21669e-06
1.20519e-06
1.19405e-06
1.18322e-06
1.17269e-06
1.16241e-06
1.15237e-06
1.14254e-06
1.1329e-06
1.12345e-06
1.11416e-06
1.10502e-06
1.09603e-06
1.08717e-06
1.07843e-06
1.0698e-06
1.06128e-06
1.05287e-06
1.04455e-06
1.03632e-06
1.02818e-06
1.02012e-06
1.01214e-06
1.00424e-06
9.96405e-07
9.8864e-07
9.80941e-07
9.73305e-07
9.65729e-07
9.58211e-07
9.50749e-07
9.4334e-07
9.35982e-07
9.28674e-07
9.21414e-07
9.14199e-07
9.07029e-07
8.99902e-07
8.92816e-07
8.85769e-07
8.78762e-07
8.71792e-07
8.64859e-07
8.57961e-07
8.51097e-07
8.44267e-07
8.37469e-07
8.30704e-07
8.23969e-07
8.17265e-07
8.10589e-07
8.03942e-07
7.97322e-07
7.90728e-07
7.8416e-07
7.77615e-07
7.71092e-07
7.64591e-07
7.58109e-07
7.51645e-07
7.45198e-07
7.38765e-07
7.32347e-07
7.25941e-07
7.19547e-07
7.13162e-07
7.06787e-07
7.0042e-07
6.94061e-07
6.87708e-07
6.81361e-07
6.75019e-07
6.68682e-07
6.6235e-07
6.56023e-07
6.497e-07
6.43381e-07
6.37067e-07
6.30756e-07
6.24449e-07
6.18145e-07
6.11845e-07
6.05548e-07
5.99256e-07
5.92968e-07
5.86683e-07
5.80402e-07
5.74125e-07
5.67851e-07
5.61581e-07
5.55315e-07
5.49052e-07
5.42792e-07
5.36536e-07
5.30285e-07
5.24037e-07
5.17793e-07
5.11551e-07
5.05311e-07
4.99073e-07
4.92838e-07
4.86609e-07
4.80384e-07
4.74163e-07
4.67945e-07
4.61729e-07
4.55514e-07
4.49302e-07
4.43092e-07
4.36887e-07
4.30687e-07
4.24486e-07
4.18286e-07
4.12089e-07
4.05892e-07
3.99696e-07
3.93507e-07
3.87327e-07
3.81149e-07
3.74961e-07
3.68755e-07
3.6255e-07
3.5636e-07
3.50194e-07
3.44069e-07
3.37935e-07
3.31855e-07
3.25738e-07
3.19472e-07
3.13233e-07
3.07078e-07
3.0102e-07
2.94934e-07
2.88794e-07
2.82699e-07
2.76609e-07
2.70522e-07
2.64418e-07
2.58308e-07
2.52182e-07
2.46072e-07
2.39999e-07
2.33928e-07
2.27867e-07
2.21806e-07
2.15754e-07
2.09689e-07
2.03643e-07
1.97594e-07
1.91524e-07
1.85433e-07
1.79345e-07
1.73253e-07
1.67158e-07
1.61119e-07
1.55058e-07
1.48943e-07
1.42808e-07
1.36728e-07
1.30701e-07
1.24637e-07
1.18554e-07
1.12467e-07
1.06382e-07
1.0032e-07
9.42599e-08
8.81854e-08
8.21277e-08
7.60599e-08
6.99575e-08
6.38696e-08
5.77774e-08
5.16838e-08
4.56008e-08
3.9511e-08
3.34448e-08
2.73701e-08
2.12911e-08
1.52069e-08
9.05155e-09
3.00566e-09
1.47279e-06
1.46974e-06
1.46271e-06
1.45241e-06
1.43964e-06
1.42503e-06
1.40919e-06
1.39266e-06
1.37586e-06
1.3591e-06
1.34262e-06
1.32656e-06
1.31102e-06
1.29603e-06
1.2816e-06
1.26774e-06
1.25441e-06
1.24158e-06
1.22921e-06
1.21728e-06
1.20573e-06
1.19454e-06
1.18367e-06
1.17309e-06
1.16278e-06
1.1527e-06
1.14285e-06
1.13319e-06
1.12371e-06
1.1144e-06
1.10525e-06
1.09624e-06
1.08736e-06
1.0786e-06
1.06997e-06
1.06144e-06
1.05301e-06
1.04469e-06
1.03645e-06
1.0283e-06
1.02024e-06
1.01225e-06
1.00434e-06
9.96501e-07
9.88731e-07
9.81027e-07
9.73387e-07
9.65807e-07
9.58285e-07
9.50819e-07
9.43407e-07
9.36046e-07
9.28735e-07
9.21472e-07
9.14254e-07
9.07082e-07
8.99952e-07
8.92864e-07
8.85815e-07
8.78806e-07
8.71834e-07
8.64899e-07
8.57999e-07
8.51134e-07
8.44302e-07
8.37503e-07
8.30736e-07
8.24e-07
8.17295e-07
8.10618e-07
8.0397e-07
7.97349e-07
7.90754e-07
7.84184e-07
7.77638e-07
7.71115e-07
7.64612e-07
7.5813e-07
7.51665e-07
7.45217e-07
7.38784e-07
7.32365e-07
7.25959e-07
7.19564e-07
7.13179e-07
7.06803e-07
7.00436e-07
6.94076e-07
6.87723e-07
6.81375e-07
6.75033e-07
6.68695e-07
6.62363e-07
6.56034e-07
6.49711e-07
6.43392e-07
6.37077e-07
6.30765e-07
6.24457e-07
6.18152e-07
6.11851e-07
6.05554e-07
5.99261e-07
5.92972e-07
5.86687e-07
5.80405e-07
5.74127e-07
5.67852e-07
5.61582e-07
5.55315e-07
5.49052e-07
5.42792e-07
5.36536e-07
5.30284e-07
5.24036e-07
5.17791e-07
5.11549e-07
5.05309e-07
4.99071e-07
4.92837e-07
4.86607e-07
4.80382e-07
4.74162e-07
4.67944e-07
4.61728e-07
4.55512e-07
4.49298e-07
4.43088e-07
4.36884e-07
4.30683e-07
4.24482e-07
4.18284e-07
4.12087e-07
4.05892e-07
3.99699e-07
3.93508e-07
3.87326e-07
3.8115e-07
3.74968e-07
3.68774e-07
3.62579e-07
3.564e-07
3.5024e-07
3.44097e-07
3.37967e-07
3.31863e-07
3.25713e-07
3.19476e-07
3.13245e-07
3.07044e-07
3.01001e-07
2.94976e-07
2.88816e-07
2.82702e-07
2.7662e-07
2.70551e-07
2.64457e-07
2.5836e-07
2.52233e-07
2.46091e-07
2.40023e-07
2.33948e-07
2.27873e-07
2.21833e-07
2.15783e-07
2.09705e-07
2.03647e-07
1.97598e-07
1.91517e-07
1.85413e-07
1.79333e-07
1.73242e-07
1.67145e-07
1.61099e-07
1.55026e-07
1.4894e-07
1.42806e-07
1.36716e-07
1.30695e-07
1.24641e-07
1.18535e-07
1.12419e-07
1.06355e-07
1.00297e-07
9.42203e-08
8.81695e-08
8.21229e-08
7.60326e-08
6.99469e-08
6.38671e-08
5.77515e-08
5.16704e-08
4.56031e-08
3.94991e-08
3.34329e-08
2.73659e-08
2.12836e-08
1.5187e-08
9.03337e-09
3.00064e-09
1.47279e-06
1.46974e-06
1.46271e-06
1.45241e-06
1.43964e-06
1.42503e-06
1.40919e-06
1.39266e-06
1.37586e-06
1.3591e-06
1.34262e-06
1.32656e-06
1.31102e-06
1.29603e-06
1.2816e-06
1.26774e-06
1.25441e-06
1.24158e-06
1.22921e-06
1.21728e-06
1.20573e-06
1.19454e-06
1.18367e-06
1.17309e-06
1.16278e-06
1.1527e-06
1.14285e-06
1.13319e-06
1.12371e-06
1.1144e-06
1.10525e-06
1.09624e-06
1.08736e-06
1.0786e-06
1.06997e-06
1.06144e-06
1.05301e-06
1.04469e-06
1.03645e-06
1.0283e-06
1.02024e-06
1.01225e-06
1.00434e-06
9.96501e-07
9.88731e-07
9.81027e-07
9.73386e-07
9.65806e-07
9.58284e-07
9.50818e-07
9.43406e-07
9.36045e-07
9.28734e-07
9.21471e-07
9.14253e-07
9.07081e-07
8.99951e-07
8.92862e-07
8.85814e-07
8.78804e-07
8.71832e-07
8.64897e-07
8.57997e-07
8.51132e-07
8.443e-07
8.37501e-07
8.30734e-07
8.23998e-07
8.17292e-07
8.10616e-07
8.03967e-07
7.97347e-07
7.90752e-07
7.84183e-07
7.77638e-07
7.71115e-07
7.64613e-07
7.58131e-07
7.51668e-07
7.45221e-07
7.38789e-07
7.32371e-07
7.25965e-07
7.1957e-07
7.13186e-07
7.06811e-07
7.00444e-07
6.94085e-07
6.87732e-07
6.81384e-07
6.75042e-07
6.68704e-07
6.62371e-07
6.56042e-07
6.49718e-07
6.43398e-07
6.37082e-07
6.3077e-07
6.24461e-07
6.18155e-07
6.11853e-07
6.05555e-07
5.99261e-07
5.92972e-07
5.86686e-07
5.80403e-07
5.74124e-07
5.67849e-07
5.61578e-07
5.55311e-07
5.49048e-07
5.42788e-07
5.36532e-07
5.30279e-07
5.24031e-07
5.17786e-07
5.11543e-07
5.05303e-07
4.99065e-07
4.92832e-07
4.86602e-07
4.80377e-07
4.74157e-07
4.67939e-07
4.61723e-07
4.55507e-07
4.49293e-07
4.43082e-07
4.36877e-07
4.30676e-07
4.24477e-07
4.18279e-07
4.12084e-07
4.0589e-07
3.99697e-07
3.93507e-07
3.87326e-07
3.81149e-07
3.7497e-07
3.68782e-07
3.62597e-07
3.56428e-07
3.50265e-07
3.44106e-07
3.37971e-07
3.31858e-07
3.2571e-07
3.19494e-07
3.13289e-07
3.07122e-07
3.01002e-07
2.9491e-07
2.88836e-07
2.82779e-07
2.76676e-07
2.70604e-07
2.64522e-07
2.58394e-07
2.52261e-07
2.46134e-07
2.40061e-07
2.33977e-07
2.2789e-07
2.21844e-07
2.15802e-07
2.09721e-07
2.03662e-07
1.97602e-07
1.9152e-07
1.854e-07
1.79305e-07
1.73226e-07
1.67125e-07
1.61079e-07
1.55004e-07
1.48938e-07
1.42844e-07
1.36701e-07
1.30675e-07
1.24623e-07
1.18476e-07
1.1239e-07
1.06344e-07
1.00264e-07
9.42072e-08
8.81647e-08
8.20899e-08
7.60117e-08
6.99402e-08
6.38625e-08
5.77412e-08
5.16582e-08
4.55933e-08
3.95166e-08
3.34492e-08
2.73555e-08
2.12447e-08
1.51648e-08
9.04806e-09
3.01256e-09
1.4767e-06
1.47328e-06
1.46575e-06
1.45469e-06
1.44113e-06
1.42583e-06
1.40943e-06
1.39245e-06
1.37534e-06
1.35837e-06
1.34177e-06
1.32565e-06
1.31008e-06
1.2951e-06
1.28071e-06
1.26691e-06
1.25366e-06
1.2409e-06
1.22858e-06
1.21669e-06
1.20519e-06
1.19405e-06
1.18322e-06
1.17269e-06
1.16241e-06
1.15236e-06
1.14254e-06
1.1329e-06
1.12345e-06
1.11416e-06
1.10502e-06
1.09603e-06
1.08717e-06
1.07843e-06
1.0698e-06
1.06128e-06
1.05287e-06
1.04455e-06
1.03632e-06
1.02818e-06
1.02012e-06
1.01214e-06
1.00424e-06
9.96403e-07
9.88639e-07
9.8094e-07
9.73303e-07
9.65727e-07
9.58209e-07
9.50747e-07
9.43338e-07
9.3598e-07
9.28672e-07
9.21411e-07
9.14196e-07
9.07026e-07
8.99898e-07
8.92812e-07
8.85765e-07
8.78758e-07
8.71787e-07
8.64853e-07
8.57955e-07
8.51091e-07
8.4426e-07
8.37462e-07
8.30697e-07
8.23962e-07
8.17257e-07
8.10582e-07
8.03936e-07
7.97317e-07
7.90724e-07
7.84157e-07
7.77614e-07
7.71093e-07
7.64594e-07
7.58114e-07
7.51653e-07
7.45208e-07
7.38778e-07
7.32362e-07
7.25959e-07
7.19566e-07
7.13184e-07
7.0681e-07
7.00445e-07
6.94086e-07
6.87734e-07
6.81387e-07
6.75045e-07
6.68707e-07
6.62374e-07
6.56045e-07
6.4972e-07
6.434e-07
6.37084e-07
6.3077e-07
6.2446e-07
6.18153e-07
6.11851e-07
6.05552e-07
5.99258e-07
5.92968e-07
5.86681e-07
5.80397e-07
5.74118e-07
5.67842e-07
5.61571e-07
5.55304e-07
5.4904e-07
5.4278e-07
5.36524e-07
5.30271e-07
5.24022e-07
5.17777e-07
5.11534e-07
5.05294e-07
4.99057e-07
4.92824e-07
4.86595e-07
4.8037e-07
4.74149e-07
4.67931e-07
4.61715e-07
4.55499e-07
4.49285e-07
4.43074e-07
4.36868e-07
4.30667e-07
4.24468e-07
4.18272e-07
4.12078e-07
4.05885e-07
3.99693e-07
3.93505e-07
3.87323e-07
3.81145e-07
3.74968e-07
3.68789e-07
3.62612e-07
3.56441e-07
3.50271e-07
3.44115e-07
3.37976e-07
3.31849e-07
3.25712e-07
3.19528e-07
3.1331e-07
3.07172e-07
3.01087e-07
2.94965e-07
2.88898e-07
2.82863e-07
2.76724e-07
2.7059e-07
2.64532e-07
2.58436e-07
2.52303e-07
2.46188e-07
2.40116e-07
2.34033e-07
2.27897e-07
2.21851e-07
2.15844e-07
2.09745e-07
2.03624e-07
1.97559e-07
1.91497e-07
1.85378e-07
1.79309e-07
1.73238e-07
1.67102e-07
1.61064e-07
1.55056e-07
1.48923e-07
1.42784e-07
1.36701e-07
1.3065e-07
1.24555e-07
1.18456e-07
1.12389e-07
1.06322e-07
1.00266e-07
9.42151e-08
8.81383e-08
8.20694e-08
7.6e-08
6.99185e-08
6.38385e-08
5.7736e-08
5.16696e-08
4.5612e-08
3.95234e-08
3.34411e-08
2.73575e-08
2.12593e-08
1.51662e-08
9.0499e-09
3.0083e-09
1.48483e-06
1.48066e-06
1.47182e-06
1.45913e-06
1.44398e-06
1.42729e-06
1.40975e-06
1.39191e-06
1.37417e-06
1.35678e-06
1.33996e-06
1.32377e-06
1.3082e-06
1.29326e-06
1.27891e-06
1.26517e-06
1.25202e-06
1.2394e-06
1.22725e-06
1.2155e-06
1.20412e-06
1.19308e-06
1.18235e-06
1.1719e-06
1.16169e-06
1.15171e-06
1.14194e-06
1.13236e-06
1.12295e-06
1.1137e-06
1.1046e-06
1.09564e-06
1.08681e-06
1.07809e-06
1.06949e-06
1.06099e-06
1.0526e-06
1.04429e-06
1.03608e-06
1.02796e-06
1.01991e-06
1.01194e-06
1.00405e-06
9.96226e-07
9.88471e-07
9.8078e-07
9.73152e-07
9.65584e-07
9.58073e-07
9.50617e-07
9.43214e-07
9.35863e-07
9.2856e-07
9.21304e-07
9.14094e-07
9.06928e-07
8.99805e-07
8.92722e-07
8.85679e-07
8.78675e-07
8.71708e-07
8.64777e-07
8.57881e-07
8.51019e-07
8.44191e-07
8.37396e-07
8.30632e-07
8.239e-07
8.17197e-07
8.10525e-07
8.03881e-07
7.97265e-07
7.90675e-07
7.84111e-07
7.77571e-07
7.71053e-07
7.64557e-07
7.58081e-07
7.51623e-07
7.45182e-07
7.38756e-07
7.32343e-07
7.25942e-07
7.19553e-07
7.13173e-07
7.06802e-07
7.00438e-07
6.94081e-07
6.8773e-07
6.81384e-07
6.75043e-07
6.68705e-07
6.62372e-07
6.56044e-07
6.49719e-07
6.43398e-07
6.37081e-07
6.30767e-07
6.24456e-07
6.18149e-07
6.11845e-07
6.05546e-07
5.99251e-07
5.9296e-07
5.86672e-07
5.80388e-07
5.74108e-07
5.67833e-07
5.61561e-07
5.55294e-07
5.4903e-07
5.4277e-07
5.36513e-07
5.3026e-07
5.24011e-07
5.17765e-07
5.11522e-07
5.05283e-07
4.99047e-07
4.92814e-07
4.86585e-07
4.8036e-07
4.74139e-07
4.67921e-07
4.61704e-07
4.55489e-07
4.49275e-07
4.43064e-07
4.36859e-07
4.30658e-07
4.2446e-07
4.18264e-07
4.12071e-07
4.0588e-07
3.9969e-07
3.93503e-07
3.87321e-07
3.81142e-07
3.74967e-07
3.68793e-07
3.6262e-07
3.5645e-07
3.50283e-07
3.44127e-07
3.37989e-07
3.31855e-07
3.25717e-07
3.19553e-07
3.13364e-07
3.07209e-07
3.01108e-07
2.95037e-07
2.88985e-07
2.82888e-07
2.76752e-07
2.70629e-07
2.64546e-07
2.58442e-07
2.52313e-07
2.46206e-07
2.40145e-07
2.34062e-07
2.27927e-07
2.2187e-07
2.15844e-07
2.09764e-07
2.03645e-07
1.97537e-07
1.91457e-07
1.85385e-07
1.79306e-07
1.73207e-07
1.67108e-07
1.61054e-07
1.55005e-07
1.489e-07
1.42788e-07
1.36693e-07
1.30619e-07
1.24551e-07
1.1848e-07
1.1238e-07
1.06307e-07
1.00252e-07
9.41942e-08
8.81179e-08
8.20423e-08
7.59764e-08
6.99097e-08
6.38422e-08
5.77506e-08
5.16789e-08
4.56195e-08
3.95298e-08
3.34247e-08
2.73454e-08
2.12595e-08
1.5177e-08
9.08314e-09
3.02023e-09
1.49799e-06
1.49249e-06
1.4812e-06
1.46573e-06
1.44803e-06
1.42913e-06
1.40982e-06
1.39074e-06
1.37215e-06
1.35417e-06
1.33692e-06
1.32053e-06
1.30503e-06
1.29027e-06
1.27617e-06
1.26266e-06
1.24971e-06
1.23727e-06
1.22532e-06
1.21378e-06
1.20259e-06
1.19171e-06
1.18112e-06
1.17079e-06
1.16069e-06
1.15081e-06
1.14112e-06
1.13162e-06
1.12227e-06
1.11308e-06
1.10403e-06
1.09512e-06
1.08632e-06
1.07765e-06
1.06908e-06
1.06061e-06
1.05224e-06
1.04396e-06
1.03577e-06
1.02766e-06
1.01964e-06
1.01169e-06
1.00381e-06
9.95997e-07
9.88255e-07
9.80577e-07
9.7296e-07
9.65401e-07
9.579e-07
9.50453e-07
9.43058e-07
9.35714e-07
9.28419e-07
9.2117e-07
9.13966e-07
9.06806e-07
8.99688e-07
8.9261e-07
8.85572e-07
8.78572e-07
8.71609e-07
8.64682e-07
8.57789e-07
8.50931e-07
8.44106e-07
8.37314e-07
8.30553e-07
8.23823e-07
8.17124e-07
8.10454e-07
8.03814e-07
7.97201e-07
7.90614e-07
7.84054e-07
7.77517e-07
7.71004e-07
7.64512e-07
7.58039e-07
7.51585e-07
7.45148e-07
7.38726e-07
7.32316e-07
7.25919e-07
7.19533e-07
7.13156e-07
7.06787e-07
7.00426e-07
6.94071e-07
6.87722e-07
6.81377e-07
6.75036e-07
6.687e-07
6.62367e-07
6.56039e-07
6.49714e-07
6.43393e-07
6.37075e-07
6.30761e-07
6.24449e-07
6.18141e-07
6.11837e-07
6.05538e-07
5.99242e-07
5.9295e-07
5.86662e-07
5.80378e-07
5.74097e-07
5.67821e-07
5.61549e-07
5.55282e-07
5.49018e-07
5.42758e-07
5.36501e-07
5.30248e-07
5.23999e-07
5.17752e-07
5.1151e-07
5.05271e-07
4.99036e-07
4.92804e-07
4.86575e-07
4.8035e-07
4.74128e-07
4.67909e-07
4.61692e-07
4.55477e-07
4.49265e-07
4.43055e-07
4.3685e-07
4.30649e-07
4.24451e-07
4.18256e-07
4.12063e-07
4.05873e-07
3.99685e-07
3.93499e-07
3.87317e-07
3.81139e-07
3.74964e-07
3.68792e-07
3.62624e-07
3.56458e-07
3.50297e-07
3.44144e-07
3.38002e-07
3.31862e-07
3.25721e-07
3.19574e-07
3.13423e-07
3.07288e-07
3.01176e-07
2.95079e-07
2.88988e-07
2.82879e-07
2.76757e-07
2.70646e-07
2.64548e-07
2.58447e-07
2.52344e-07
2.4625e-07
2.40168e-07
2.34075e-07
2.27967e-07
2.21891e-07
2.15828e-07
2.0975e-07
2.03648e-07
1.97544e-07
1.91455e-07
1.85373e-07
1.79289e-07
1.73201e-07
1.67115e-07
1.61042e-07
1.5497e-07
1.48878e-07
1.42776e-07
1.36685e-07
1.30607e-07
1.24535e-07
1.18465e-07
1.12382e-07
1.06307e-07
1.0024e-07
9.41767e-08
8.81135e-08
8.20419e-08
7.59706e-08
6.99037e-08
6.38332e-08
5.77488e-08
5.16723e-08
4.56009e-08
3.95207e-08
3.3432e-08
2.73498e-08
2.12723e-08
1.51919e-08
9.11004e-09
3.03021e-09
1.51772e-06
1.5097e-06
1.49414e-06
1.47424e-06
1.45287e-06
1.43093e-06
1.40905e-06
1.38798e-06
1.36837e-06
1.34998e-06
1.3326e-06
1.31621e-06
1.30079e-06
1.28625e-06
1.27252e-06
1.25941e-06
1.24683e-06
1.23473e-06
1.22303e-06
1.21172e-06
1.20074e-06
1.19006e-06
1.17965e-06
1.16947e-06
1.15952e-06
1.14976e-06
1.14018e-06
1.13076e-06
1.1215e-06
1.11238e-06
1.1034e-06
1.09453e-06
1.08579e-06
1.07715e-06
1.06862e-06
1.06019e-06
1.05185e-06
1.0436e-06
1.03543e-06
1.02735e-06
1.01934e-06
1.01141e-06
1.00355e-06
9.95754e-07
9.88026e-07
9.80361e-07
9.72756e-07
9.65209e-07
9.57718e-07
9.5028e-07
9.42894e-07
9.35559e-07
9.28271e-07
9.21029e-07
9.13832e-07
9.06678e-07
8.99566e-07
8.92494e-07
8.85461e-07
8.78466e-07
8.71507e-07
8.64584e-07
8.57696e-07
8.50841e-07
8.4402e-07
8.3723e-07
8.30473e-07
8.23746e-07
8.1705e-07
8.10384e-07
8.03746e-07
7.97136e-07
7.90553e-07
7.83996e-07
7.77463e-07
7.70953e-07
7.64465e-07
7.57996e-07
7.51546e-07
7.45112e-07
7.38693e-07
7.32288e-07
7.25894e-07
7.19511e-07
7.13136e-07
7.0677e-07
7.00411e-07
6.94058e-07
6.8771e-07
6.81367e-07
6.75027e-07
6.68692e-07
6.6236e-07
6.56032e-07
6.49707e-07
6.43386e-07
6.37068e-07
6.30753e-07
6.24441e-07
6.18133e-07
6.11829e-07
6.05529e-07
5.99232e-07
5.9294e-07
5.86651e-07
5.80366e-07
5.74086e-07
5.6781e-07
5.61538e-07
5.5527e-07
5.49006e-07
5.42745e-07
5.36489e-07
5.30236e-07
5.23986e-07
5.1774e-07
5.11498e-07
5.0526e-07
4.99025e-07
4.92793e-07
4.86564e-07
4.80339e-07
4.74117e-07
4.67898e-07
4.61682e-07
4.55467e-07
4.49256e-07
4.43047e-07
4.36843e-07
4.30641e-07
4.24443e-07
4.18249e-07
4.12056e-07
4.05867e-07
3.99679e-07
3.93495e-07
3.87314e-07
3.81137e-07
3.74962e-07
3.68792e-07
3.62626e-07
3.56464e-07
3.50307e-07
3.44154e-07
3.38006e-07
3.31863e-07
3.25727e-07
3.19596e-07
3.13472e-07
3.07352e-07
3.01223e-07
2.95091e-07
2.88975e-07
2.82861e-07
2.76746e-07
2.70641e-07
2.64544e-07
2.58453e-07
2.52362e-07
2.46271e-07
2.40182e-07
2.3409e-07
2.27994e-07
2.21908e-07
2.15826e-07
2.0974e-07
2.03643e-07
1.97543e-07
1.91448e-07
1.85361e-07
1.7928e-07
1.73197e-07
1.67112e-07
1.61029e-07
1.54946e-07
1.48855e-07
1.42766e-07
1.36682e-07
1.30605e-07
1.24532e-07
1.18462e-07
1.12388e-07
1.06314e-07
1.00242e-07
9.4172e-08
8.81037e-08
8.2036e-08
7.59683e-08
6.98989e-08
6.38223e-08
5.77418e-08
5.16668e-08
4.55942e-08
3.95213e-08
3.34426e-08
2.73587e-08
2.12799e-08
1.52067e-08
9.13874e-09
3.044e-09
1.54679e-06
1.53389e-06
1.51092e-06
1.48421e-06
1.45691e-06
1.431e-06
1.40657e-06
1.38383e-06
1.36294e-06
1.34398e-06
1.32669e-06
1.31076e-06
1.29582e-06
1.28176e-06
1.26842e-06
1.25571e-06
1.24353e-06
1.2318e-06
1.22046e-06
1.20946e-06
1.19876e-06
1.18833e-06
1.17812e-06
1.16813e-06
1.15833e-06
1.1487e-06
1.13924e-06
1.12992e-06
1.12074e-06
1.1117e-06
1.10278e-06
1.09397e-06
1.08528e-06
1.07668e-06
1.06819e-06
1.05979e-06
1.05148e-06
1.04326e-06
1.03512e-06
1.02705e-06
1.01907e-06
1.01115e-06
1.00331e-06
9.95527e-07
9.87812e-07
9.8016e-07
9.72566e-07
9.6503e-07
9.57548e-07
9.5012e-07
9.42743e-07
9.35415e-07
9.28134e-07
9.20899e-07
9.13709e-07
9.06561e-07
8.99454e-07
8.92388e-07
8.8536e-07
8.78369e-07
8.71415e-07
8.64496e-07
8.57611e-07
8.5076e-07
8.43942e-07
8.37157e-07
8.30402e-07
8.23679e-07
8.16986e-07
8.10322e-07
8.03687e-07
7.9708e-07
7.905e-07
7.83946e-07
7.77416e-07
7.70909e-07
7.64423e-07
7.57958e-07
7.5151e-07
7.4508e-07
7.38664e-07
7.32261e-07
7.2587e-07
7.19489e-07
7.13117e-07
7.06753e-07
7.00396e-07
6.94045e-07
6.87698e-07
6.81356e-07
6.75017e-07
6.68683e-07
6.62351e-07
6.56024e-07
6.49699e-07
6.43378e-07
6.37059e-07
6.30744e-07
6.24432e-07
6.18124e-07
6.1182e-07
6.05519e-07
5.99222e-07
5.92929e-07
5.8664e-07
5.80356e-07
5.74075e-07
5.67799e-07
5.61527e-07
5.55258e-07
5.48994e-07
5.42734e-07
5.36477e-07
5.30224e-07
5.23975e-07
5.1773e-07
5.11488e-07
5.0525e-07
4.99015e-07
4.92783e-07
4.86555e-07
4.8033e-07
4.74108e-07
4.67889e-07
4.61673e-07
4.55459e-07
4.49248e-07
4.4304e-07
4.36836e-07
4.30635e-07
4.24437e-07
4.18242e-07
4.1205e-07
4.05861e-07
3.99674e-07
3.9349e-07
3.8731e-07
3.81134e-07
3.74961e-07
3.68792e-07
3.62628e-07
3.56469e-07
3.50314e-07
3.44161e-07
3.3801e-07
3.31864e-07
3.25733e-07
3.1961e-07
3.13492e-07
3.07372e-07
3.01228e-07
2.95093e-07
2.88967e-07
2.82852e-07
2.76763e-07
2.70653e-07
2.64544e-07
2.58457e-07
2.52374e-07
2.46285e-07
2.40198e-07
2.34108e-07
2.28014e-07
2.21922e-07
2.1583e-07
2.09736e-07
2.03636e-07
1.97535e-07
1.91437e-07
1.85353e-07
1.79276e-07
1.73196e-07
1.67108e-07
1.61017e-07
1.54925e-07
1.48837e-07
1.42754e-07
1.36677e-07
1.30602e-07
1.24529e-07
1.1846e-07
1.1239e-07
1.06318e-07
1.00245e-07
9.41689e-08
8.8094e-08
8.2027e-08
7.59629e-08
6.9896e-08
6.38193e-08
5.77399e-08
5.16679e-08
4.55969e-08
3.95253e-08
3.34478e-08
2.73623e-08
2.12799e-08
1.52086e-08
9.14563e-09
3.04646e-09
1.58959e-06
1.56695e-06
1.53051e-06
1.49456e-06
1.46063e-06
1.42912e-06
1.40122e-06
1.37708e-06
1.35584e-06
1.33699e-06
1.32005e-06
1.30456e-06
1.29022e-06
1.2768e-06
1.26409e-06
1.25196e-06
1.2403e-06
1.22902e-06
1.21807e-06
1.2074e-06
1.19698e-06
1.18677e-06
1.17677e-06
1.16694e-06
1.15729e-06
1.14778e-06
1.13842e-06
1.12919e-06
1.12009e-06
1.11111e-06
1.10225e-06
1.09349e-06
1.08483e-06
1.07628e-06
1.06782e-06
1.05945e-06
1.05116e-06
1.04296e-06
1.03484e-06
1.0268e-06
1.01883e-06
1.01093e-06
1.0031e-06
9.95331e-07
9.87628e-07
9.79986e-07
9.72402e-07
9.64875e-07
9.57402e-07
9.49981e-07
9.42611e-07
9.3529e-07
9.28016e-07
9.20787e-07
9.13602e-07
9.06459e-07
8.99358e-07
8.92296e-07
8.85272e-07
8.78286e-07
8.71336e-07
8.6442e-07
8.5754e-07
8.50692e-07
8.43878e-07
8.37095e-07
8.30344e-07
8.23623e-07
8.16933e-07
8.10272e-07
8.0364e-07
7.97035e-07
7.90458e-07
7.83906e-07
7.77378e-07
7.70874e-07
7.6439e-07
7.57927e-07
7.51482e-07
7.45053e-07
7.38639e-07
7.32239e-07
7.2585e-07
7.19471e-07
7.13101e-07
7.06738e-07
7.00382e-07
6.94031e-07
6.87686e-07
6.81344e-07
6.75007e-07
6.68673e-07
6.62342e-07
6.56014e-07
6.4969e-07
6.43369e-07
6.3705e-07
6.30735e-07
6.24423e-07
6.18115e-07
6.1181e-07
6.0551e-07
5.99213e-07
5.9292e-07
5.86631e-07
5.80346e-07
5.74065e-07
5.67789e-07
5.61516e-07
5.55248e-07
5.48984e-07
5.42724e-07
5.36467e-07
5.30215e-07
5.23966e-07
5.17721e-07
5.11479e-07
5.05241e-07
4.99006e-07
4.92775e-07
4.86546e-07
4.80321e-07
4.74099e-07
4.67881e-07
4.61665e-07
4.55451e-07
4.49241e-07
4.43034e-07
4.3683e-07
4.3063e-07
4.24432e-07
4.18237e-07
4.12045e-07
4.05856e-07
3.9967e-07
3.93487e-07
3.87308e-07
3.81132e-07
3.7496e-07
3.68794e-07
3.62634e-07
3.56477e-07
3.5032e-07
3.44169e-07
3.38014e-07
3.31856e-07
3.25725e-07
3.19613e-07
3.13493e-07
3.07358e-07
3.01209e-07
2.95079e-07
2.88974e-07
2.82873e-07
2.76774e-07
2.70664e-07
2.64572e-07
2.58486e-07
2.52391e-07
2.46294e-07
2.40213e-07
2.34124e-07
2.28028e-07
2.21931e-07
2.15831e-07
2.0973e-07
2.03626e-07
1.97522e-07
1.91421e-07
1.85344e-07
1.79277e-07
1.73196e-07
1.67101e-07
1.61004e-07
1.54908e-07
1.48817e-07
1.42742e-07
1.36672e-07
1.30599e-07
1.24528e-07
1.18462e-07
1.12394e-07
1.06322e-07
1.00247e-07
9.41626e-08
8.8078e-08
8.2015e-08
7.59599e-08
6.99007e-08
6.38219e-08
5.77332e-08
5.16592e-08
4.55841e-08
3.95108e-08
3.3444e-08
2.73621e-08
2.12828e-08
1.52099e-08
9.14059e-09
3.04417e-09
1.65464e-06
1.60693e-06
1.54989e-06
1.50347e-06
1.46223e-06
1.42462e-06
1.39405e-06
1.36867e-06
1.34741e-06
1.32917e-06
1.31311e-06
1.29857e-06
1.28512e-06
1.27249e-06
1.26045e-06
1.24888e-06
1.23769e-06
1.2268e-06
1.21617e-06
1.20577e-06
1.19557e-06
1.18556e-06
1.17571e-06
1.16601e-06
1.15646e-06
1.14705e-06
1.13777e-06
1.12861e-06
1.11957e-06
1.11064e-06
1.10181e-06
1.09309e-06
1.08447e-06
1.07594e-06
1.06751e-06
1.05916e-06
1.0509e-06
1.04272e-06
1.03461e-06
1.02658e-06
1.01862e-06
1.01074e-06
1.00292e-06
9.9516e-07
9.87466e-07
9.79833e-07
9.72257e-07
9.64737e-07
9.57271e-07
9.49857e-07
9.42493e-07
9.35178e-07
9.27909e-07
9.20685e-07
9.13505e-07
9.06367e-07
8.9927e-07
8.92212e-07
8.85192e-07
8.7821e-07
8.71263e-07
8.64352e-07
8.57475e-07
8.50631e-07
8.43819e-07
8.3704e-07
8.30292e-07
8.23574e-07
8.16887e-07
8.10229e-07
8.03599e-07
7.96998e-07
7.90422e-07
7.83873e-07
7.77347e-07
7.70845e-07
7.64364e-07
7.57902e-07
7.51459e-07
7.45032e-07
7.3862e-07
7.3222e-07
7.25833e-07
7.19455e-07
7.13086e-07
7.06724e-07
7.00369e-07
6.94019e-07
6.87674e-07
6.81333e-07
6.74996e-07
6.68662e-07
6.62332e-07
6.56004e-07
6.4968e-07
6.43358e-07
6.3704e-07
6.30725e-07
6.24413e-07
6.18105e-07
6.118e-07
6.05499e-07
5.99202e-07
5.92909e-07
5.8662e-07
5.80336e-07
5.74055e-07
5.67779e-07
5.61506e-07
5.55238e-07
5.48974e-07
5.42714e-07
5.36458e-07
5.30205e-07
5.23957e-07
5.17712e-07
5.1147e-07
5.05232e-07
4.98998e-07
4.92766e-07
4.86538e-07
4.80313e-07
4.74092e-07
4.67873e-07
4.61657e-07
4.55444e-07
4.49235e-07
4.43028e-07
4.36824e-07
4.30624e-07
4.24426e-07
4.18231e-07
4.12039e-07
4.05851e-07
3.99665e-07
3.93482e-07
3.87304e-07
3.81129e-07
3.74957e-07
3.6879e-07
3.62629e-07
3.56473e-07
3.50318e-07
3.44164e-07
3.38014e-07
3.31866e-07
3.25728e-07
3.19602e-07
3.13475e-07
3.07334e-07
3.01196e-07
2.95087e-07
2.88985e-07
2.82884e-07
2.76781e-07
2.7068e-07
2.64585e-07
2.58491e-07
2.52398e-07
2.46305e-07
2.40223e-07
2.34131e-07
2.28034e-07
2.21934e-07
2.15831e-07
2.09728e-07
2.03624e-07
1.97524e-07
1.91424e-07
1.85338e-07
1.79264e-07
1.73184e-07
1.67096e-07
1.61005e-07
1.54914e-07
1.48829e-07
1.42746e-07
1.36668e-07
1.30593e-07
1.2452e-07
1.18459e-07
1.12393e-07
1.06315e-07
1.00243e-07
9.41633e-08
8.80795e-08
8.20087e-08
7.59429e-08
6.98853e-08
6.3818e-08
5.77377e-08
5.16553e-08
4.55753e-08
3.95048e-08
3.34385e-08
2.73637e-08
2.12829e-08
1.52023e-08
9.12926e-09
3.04203e-09
1.78427e-06
1.66635e-06
1.56423e-06
1.50094e-06
1.45469e-06
1.41386e-06
1.38264e-06
1.35846e-06
1.33876e-06
1.32197e-06
1.30715e-06
1.29365e-06
1.28105e-06
1.26909e-06
1.25761e-06
1.24649e-06
1.23565e-06
1.22506e-06
1.21468e-06
1.20448e-06
1.19444e-06
1.18456e-06
1.17483e-06
1.16523e-06
1.15576e-06
1.14641e-06
1.13719e-06
1.12808e-06
1.11908e-06
1.11019e-06
1.1014e-06
1.09271e-06
1.08411e-06
1.07561e-06
1.0672e-06
1.05887e-06
1.05062e-06
1.04245e-06
1.03436e-06
1.02635e-06
1.0184e-06
1.01053e-06
1.00272e-06
9.9497e-07
9.87286e-07
9.79661e-07
9.72093e-07
9.64581e-07
9.57122e-07
9.49714e-07
9.42357e-07
9.35047e-07
9.27784e-07
9.20566e-07
9.13391e-07
9.06258e-07
8.99165e-07
8.92112e-07
8.85097e-07
8.78118e-07
8.71176e-07
8.64268e-07
8.57395e-07
8.50555e-07
8.43748e-07
8.36972e-07
8.30228e-07
8.23514e-07
8.1683e-07
8.10176e-07
8.0355e-07
7.96951e-07
7.90379e-07
7.83833e-07
7.77311e-07
7.70811e-07
7.64333e-07
7.57874e-07
7.51433e-07
7.45008e-07
7.38598e-07
7.322e-07
7.25814e-07
7.19437e-07
7.13069e-07
7.06708e-07
7.00354e-07
6.94004e-07
6.8766e-07
6.81319e-07
6.74982e-07
6.68649e-07
6.62318e-07
6.55991e-07
6.49667e-07
6.43345e-07
6.37027e-07
6.30712e-07
6.244e-07
6.18092e-07
6.11787e-07
6.05486e-07
5.99189e-07
5.92896e-07
5.86608e-07
5.80323e-07
5.74042e-07
5.67766e-07
5.61494e-07
5.55226e-07
5.48962e-07
5.42702e-07
5.36446e-07
5.30194e-07
5.23946e-07
5.17701e-07
5.1146e-07
5.05222e-07
4.98987e-07
4.92756e-07
4.86528e-07
4.80304e-07
4.74082e-07
4.67864e-07
4.61648e-07
4.55436e-07
4.49226e-07
4.4302e-07
4.36816e-07
4.30616e-07
4.24418e-07
4.18223e-07
4.12032e-07
4.05843e-07
3.99658e-07
3.93476e-07
3.87298e-07
3.81123e-07
3.74953e-07
3.68786e-07
3.62624e-07
3.56467e-07
3.50311e-07
3.44158e-07
3.3801e-07
3.31864e-07
3.25723e-07
3.19589e-07
3.13458e-07
3.07326e-07
3.01204e-07
2.95097e-07
2.88993e-07
2.82888e-07
2.76782e-07
2.70684e-07
2.6459e-07
2.58496e-07
2.52401e-07
2.4631e-07
2.40223e-07
2.34129e-07
2.28031e-07
2.2193e-07
2.15827e-07
2.09724e-07
2.03622e-07
1.97522e-07
1.91425e-07
1.85337e-07
1.79255e-07
1.73173e-07
1.67087e-07
1.60999e-07
1.54911e-07
1.48827e-07
1.42745e-07
1.36666e-07
1.30591e-07
1.24519e-07
1.18452e-07
1.12383e-07
1.06309e-07
1.00235e-07
9.41577e-08
8.80797e-08
8.20084e-08
7.5944e-08
6.98835e-08
6.38136e-08
5.77337e-08
5.16512e-08
4.55748e-08
3.95062e-08
3.34368e-08
2.73599e-08
2.12782e-08
1.5196e-08
9.11909e-09
3.039e-09
2.03657e-06
1.77629e-06
1.61123e-06
1.51725e-06
1.45381e-06
1.40683e-06
1.37351e-06
1.34955e-06
1.33105e-06
1.31566e-06
1.30208e-06
1.28959e-06
1.27777e-06
1.26641e-06
1.25538e-06
1.24461e-06
1.23405e-06
1.22368e-06
1.21347e-06
1.20341e-06
1.1935e-06
1.18372e-06
1.17406e-06
1.16453e-06
1.15513e-06
1.14583e-06
1.13665e-06
1.12758e-06
1.11862e-06
1.10976e-06
1.101e-06
1.09233e-06
1.08376e-06
1.07528e-06
1.06688e-06
1.05857e-06
1.05034e-06
1.04219e-06
1.03411e-06
1.02611e-06
1.01817e-06
1.01031e-06
1.00251e-06
9.9477e-07
9.87095e-07
9.79478e-07
9.71918e-07
9.64413e-07
9.56962e-07
9.49561e-07
9.4221e-07
9.34906e-07
9.27649e-07
9.20436e-07
9.13266e-07
9.06138e-07
8.99051e-07
8.92002e-07
8.84991e-07
8.78017e-07
8.71079e-07
8.64175e-07
8.57306e-07
8.5047e-07
8.43666e-07
8.36895e-07
8.30154e-07
8.23444e-07
8.16765e-07
8.10114e-07
8.03492e-07
7.96897e-07
7.90329e-07
7.83787e-07
7.77268e-07
7.70772e-07
7.64297e-07
7.57841e-07
7.51403e-07
7.44981e-07
7.38573e-07
7.32178e-07
7.25793e-07
7.19418e-07
7.13051e-07
7.06692e-07
7.00338e-07
6.93989e-07
6.87645e-07
6.81305e-07
6.74968e-07
6.68635e-07
6.62304e-07
6.55977e-07
6.49652e-07
6.43331e-07
6.37013e-07
6.30697e-07
6.24386e-07
6.18077e-07
6.11773e-07
6.05472e-07
5.99175e-07
5.92882e-07
5.86593e-07
5.80309e-07
5.74028e-07
5.67752e-07
5.6148e-07
5.55213e-07
5.48949e-07
5.4269e-07
5.36434e-07
5.30182e-07
5.23934e-07
5.17689e-07
5.11448e-07
5.05211e-07
4.98976e-07
4.92745e-07
4.86518e-07
4.80293e-07
4.74072e-07
4.67854e-07
4.61638e-07
4.55426e-07
4.49217e-07
4.4301e-07
4.36807e-07
4.30606e-07
4.24409e-07
4.18214e-07
4.12023e-07
4.05835e-07
3.9965e-07
3.93468e-07
3.8729e-07
3.81116e-07
3.74946e-07
3.68779e-07
3.62617e-07
3.56459e-07
3.50304e-07
3.44151e-07
3.38003e-07
3.31856e-07
3.25715e-07
3.19581e-07
3.13452e-07
3.07327e-07
3.01209e-07
2.95099e-07
2.88993e-07
2.82888e-07
2.76784e-07
2.70686e-07
2.6459e-07
2.58496e-07
2.52402e-07
2.46311e-07
2.4022e-07
2.34125e-07
2.28026e-07
2.21924e-07
2.15821e-07
2.09718e-07
2.03616e-07
1.97516e-07
1.91422e-07
1.85334e-07
1.7925e-07
1.73167e-07
1.6708e-07
1.60993e-07
1.54906e-07
1.48822e-07
1.42741e-07
1.36663e-07
1.30589e-07
1.24517e-07
1.18449e-07
1.1238e-07
1.06307e-07
1.00232e-07
9.41556e-08
8.80804e-08
8.20098e-08
7.59433e-08
6.98782e-08
6.38072e-08
5.77304e-08
5.16522e-08
4.55767e-08
3.95045e-08
3.34318e-08
2.73545e-08
2.12738e-08
1.51935e-08
9.11818e-09
3.03991e-09
)
;

boundaryField
{
    inlet
    {
        type            zeroGradient;
    }
    outlet
    {
        type            fixedValue;
        value           uniform 0;
    }
    walls
    {
        type            zeroGradient;
    }
    frontAndBack
    {
        type            empty;
    }
}


// ************************************************************************* //
