/*--------------------------------*- C++ -*----------------------------------*\
| =========                 |                                                 |
| \\      /  F ield         | OpenFOAM: The Open Source CFD Toolbox           |
|  \\    /   O peration     | Version:  2412                                  |
|   \\  /    A nd           | Website:  www.openfoam.com                      |
|    \\/     M anipulation  |                                                 |
\*---------------------------------------------------------------------------*/
FoamFile
{
    version     2.0;
    format      ascii;
    arch        "LSB;label=32;scalar=64";
    class       surfaceScalarField;
    location    "100";
    object      phi;
}
// * * * * * * * * * * * * * * * * * * * * * * * * * * * * * * * * * * * * * //

dimensions      [0 3 -1 0 0 0 0];

oriented        oriented;

internalField   nonuniform List<scalar> 
7780
(
4.40283e-08
5.97161e-09
3.6471e-08
7.55736e-09
3.00476e-08
6.4234e-09
2.48732e-08
5.17436e-09
2.10245e-08
3.84876e-09
1.8203e-08
2.82151e-09
1.61731e-08
2.02997e-09
1.47162e-08
1.45692e-09
1.36543e-08
1.06186e-09
1.28607e-08
7.93576e-10
1.22505e-08
6.10205e-10
1.17679e-08
4.82621e-10
1.13763e-08
3.91561e-10
1.10517e-08
3.24648e-10
1.07775e-08
2.74111e-10
1.05425e-08
2.35013e-10
1.03384e-08
2.04157e-10
1.0159e-08
1.79405e-10
9.99968e-09
1.59276e-10
9.85697e-09
1.427e-10
9.72808e-09
1.2889e-10
9.61082e-09
1.17259e-10
9.50346e-09
1.07363e-10
9.4046e-09
9.88595e-11
9.31311e-09
9.14846e-11
9.22808e-09
8.50312e-11
9.14874e-09
7.9337e-11
9.07447e-09
7.42736e-11
9.00473e-09
6.97388e-11
8.93908e-09
6.56505e-11
8.87714e-09
6.19429e-11
8.81857e-09
5.85623e-11
8.76311e-09
5.54649e-11
8.7105e-09
5.26147e-11
8.66051e-09
4.99816e-11
8.61297e-09
4.75407e-11
8.5677e-09
4.52708e-11
8.52455e-09
4.31539e-11
8.48338e-09
4.11749e-11
8.44406e-09
3.93204e-11
8.40648e-09
3.7579e-11
8.37054e-09
3.59407e-11
8.33615e-09
3.43967e-11
8.30321e-09
3.29393e-11
8.27165e-09
3.15616e-11
8.24139e-09
3.02576e-11
8.21237e-09
2.90218e-11
8.18452e-09
2.78492e-11
8.15779e-09
2.67357e-11
8.13212e-09
2.56772e-11
8.10745e-09
2.46703e-11
8.08374e-09
2.37117e-11
8.06094e-09
2.27986e-11
8.03902e-09
2.19282e-11
8.01792e-09
2.1098e-11
7.99762e-09
2.03054e-11
7.97808e-09
1.9548e-11
7.95926e-09
1.88228e-11
7.94114e-09
1.81272e-11
7.92369e-09
1.74575e-11
7.90688e-09
1.68107e-11
7.89071e-09
1.61821e-11
7.87515e-09
1.55682e-11
7.86019e-09
1.49639e-11
7.84583e-09
1.43653e-11
7.83207e-09
1.37676e-11
7.81891e-09
1.31675e-11
7.80636e-09
1.25616e-11
7.79442e-09
1.19484e-11
7.78309e-09
1.13265e-11
7.7724e-09
1.06974e-11
7.76234e-09
1.00625e-11
7.75292e-09
9.42563e-12
7.74413e-09
8.79119e-12
7.73596e-09
8.16493e-12
7.72841e-09
7.55307e-12
7.72144e-09
6.96188e-12
7.71504e-09
6.39789e-12
7.70917e-09
5.86626e-12
7.70379e-09
5.37233e-12
7.69887e-09
4.91888e-12
7.69436e-09
4.50907e-12
7.69021e-09
4.14279e-12
7.68639e-09
3.82074e-12
7.68285e-09
3.54018e-12
7.67954e-09
3.29985e-12
7.67645e-09
3.09519e-12
7.67353e-09
2.92385e-12
7.67074e-09
2.78047e-12
7.66808e-09
2.6625e-12
7.66552e-09
2.56468e-12
7.66304e-09
2.48494e-12
7.66062e-09
2.4187e-12
7.65826e-09
2.3647e-12
7.65594e-09
2.31913e-12
7.65367e-09
2.28147e-12
7.65142e-09
2.24864e-12
7.6492e-09
2.22078e-12
7.64701e-09
2.19548e-12
7.64484e-09
2.17325e-12
7.64269e-09
2.15194e-12
7.64056e-09
2.13211e-12
7.63845e-09
2.11172e-12
7.63636e-09
2.09155e-12
7.63429e-09
2.07005e-12
7.63224e-09
2.04861e-12
7.63022e-09
2.02639e-12
7.62821e-09
2.00532e-12
7.62623e-09
1.98489e-12
7.62426e-09
1.96716e-12
7.62231e-09
1.95132e-12
7.62037e-09
1.9389e-12
7.61844e-09
1.92825e-12
7.61652e-09
1.92038e-12
7.6146e-09
1.91309e-12
7.61269e-09
1.90755e-12
7.61079e-09
1.90161e-12
7.60889e-09
1.89669e-12
7.607e-09
1.89186e-12
7.60511e-09
1.8876e-12
7.60322e-09
1.88314e-12
7.60134e-09
1.87904e-12
7.59946e-09
1.87577e-12
7.59759e-09
1.87134e-12
7.59572e-09
1.86598e-12
7.59386e-09
1.85876e-12
7.592e-09
1.84767e-12
7.59016e-09
1.84258e-12
7.58831e-09
1.84507e-12
7.58645e-09
1.85445e-12
7.58457e-09
1.87018e-12
7.58267e-09
1.89667e-12
7.58074e-09
1.933e-12
7.57875e-09
1.98151e-12
7.57672e-09
2.03856e-12
7.57461e-09
2.10789e-12
7.57243e-09
2.18274e-12
7.57018e-09
2.25995e-12
7.56784e-09
2.34031e-12
7.56544e-09
2.41442e-12
7.56297e-09
2.47567e-12
7.56047e-09
2.5114e-12
7.55796e-09
2.50941e-12
7.5555e-09
2.47326e-12
7.55309e-09
2.4076e-12
7.55079e-09
2.31308e-12
7.54862e-09
2.18049e-12
7.5466e-09
2.02841e-12
7.54473e-09
1.88303e-12
7.54303e-09
1.71757e-12
7.54148e-09
1.57348e-12
7.54017e-09
1.33552e-12
7.53908e-09
1.10964e-12
7.53812e-09
9.87064e-13
7.53724e-09
8.9199e-13
7.5364e-09
8.32067e-13
7.53556e-09
8.2918e-13
7.53474e-09
7.90094e-13
7.53421e-09
5.07591e-13
7.53392e-09
2.78674e-13
7.53388e-09
2.56507e-14
7.53406e-09
-1.81926e-13
7.53419e-09
-1.29662e-13
7.53419e-09
1.1275e-14
7.53428e-09
-8.52486e-14
7.53464e-09
-3.44678e-13
7.53522e-09
-5.77929e-13
7.53599e-09
-7.60785e-13
7.53684e-09
-8.59217e-13
7.53775e-09
-9.14035e-13
7.53869e-09
-9.55342e-13
7.53953e-09
-8.59854e-13
7.54023e-09
-7.1068e-13
7.54088e-09
-6.80177e-13
7.54158e-09
-7.22619e-13
7.54228e-09
-7.16046e-13
7.54295e-09
-6.76721e-13
7.54361e-09
-6.47451e-13
7.54426e-09
-6.39386e-13
7.54482e-09
-5.46507e-13
7.54518e-09
-3.56973e-13
7.54555e-09
-3.47514e-13
7.54593e-09
-3.57644e-13
7.54616e-09
-2.11153e-13
7.54636e-09
-1.87827e-13
7.54648e-09
-1.05439e-13
7.54644e-09
3.8953e-14
7.54635e-09
8.11038e-14
7.54621e-09
1.41141e-13
7.54598e-09
2.25802e-13
7.54583e-09
1.58149e-13
7.54586e-09
-3.5493e-14
7.54604e-09
-1.67157e-13
7.54603e-09
1.99473e-14
7.5457e-09
3.26377e-13
7.5453e-09
4.05867e-13
7.54484e-09
4.67298e-13
7.54439e-09
4.51507e-13
7.5443e-09
8.4059e-14
5.71145e-14
5.23563e-08
3.6153e-09
5.26982e-08
7.21541e-09
5.13898e-08
7.73174e-09
4.91508e-08
7.41337e-09
4.63484e-08
6.65122e-09
4.35034e-08
5.6665e-09
4.08596e-08
4.67381e-09
3.85162e-08
3.80028e-09
3.65016e-08
3.07649e-09
3.47986e-08
2.49664e-09
3.33688e-08
2.03991e-09
3.21686e-08
1.68287e-09
3.11564e-08
1.40373e-09
3.02967e-08
1.18431e-09
2.95603e-08
1.01049e-09
2.89239e-08
8.71502e-10
2.83687e-08
7.5928e-10
2.78803e-08
6.67804e-10
2.74471e-08
5.92546e-10
2.70597e-08
5.30052e-10
2.67109e-08
4.77673e-10
2.63948e-08
4.3338e-10
2.61066e-08
3.95601e-10
2.58423e-08
3.63106e-10
2.55989e-08
3.34928e-10
2.53736e-08
3.10303e-10
2.51643e-08
2.88621e-10
2.49692e-08
2.69395e-10
2.47867e-08
2.52234e-10
2.46155e-08
2.36819e-10
2.44546e-08
2.22894e-10
2.43029e-08
2.10248e-10
2.41596e-08
1.98706e-10
2.40241e-08
1.88127e-10
2.38957e-08
1.7839e-10
2.37739e-08
1.69395e-10
2.36581e-08
1.61059e-10
2.35479e-08
1.53309e-10
2.3443e-08
1.46084e-10
2.3343e-08
1.39333e-10
2.32476e-08
1.33009e-10
2.31564e-08
1.27073e-10
2.30694e-08
1.21491e-10
2.29861e-08
1.16232e-10
2.29064e-08
1.1127e-10
2.283e-08
1.06581e-10
2.27569e-08
1.02144e-10
2.26868e-08
9.79408e-11
2.26196e-08
9.39537e-11
2.25551e-08
9.0168e-11
2.24932e-08
8.657e-11
2.24338e-08
8.31473e-11
2.23767e-08
7.98883e-11
2.23219e-08
7.67825e-11
2.22691e-08
7.38194e-11
2.22185e-08
7.09893e-11
2.21697e-08
6.82818e-11
2.21229e-08
6.56864e-11
2.20778e-08
6.31918e-11
2.20345e-08
6.07862e-11
2.19929e-08
5.84563e-11
2.19529e-08
5.61888e-11
2.19145e-08
5.3969e-11
2.18776e-08
5.17831e-11
2.18424e-08
4.96165e-11
2.18087e-08
4.74571e-11
2.17766e-08
4.52936e-11
2.17461e-08
4.31186e-11
2.17171e-08
4.09274e-11
2.16897e-08
3.87203e-11
2.16639e-08
3.6501e-11
2.16397e-08
3.42787e-11
2.1617e-08
3.20656e-11
2.1596e-08
2.9878e-11
2.15764e-08
2.77345e-11
2.15583e-08
2.56548e-11
2.15416e-08
2.36592e-11
2.15262e-08
2.17662e-11
2.15121e-08
1.99926e-11
2.14991e-08
1.83513e-11
2.14872e-08
1.68522e-11
2.14762e-08
1.54999e-11
2.1466e-08
1.4296e-11
2.14566e-08
1.32367e-11
2.14478e-08
1.23162e-11
2.14396e-08
1.15244e-11
2.14318e-08
1.08508e-11
2.14245e-08
1.0282e-11
2.14174e-08
9.80558e-12
2.14107e-08
9.40783e-12
2.14042e-08
9.0773e-12
2.13979e-08
8.80179e-12
2.13917e-08
8.57227e-12
2.13857e-08
8.37925e-12
2.13798e-08
8.21638e-12
2.1374e-08
8.07657e-12
2.13683e-08
7.95559e-12
2.13627e-08
7.84845e-12
2.13571e-08
7.75271e-12
2.13516e-08
7.66467e-12
2.13462e-08
7.58261e-12
2.13409e-08
7.50341e-12
2.13355e-08
7.42598e-12
2.13303e-08
7.34813e-12
2.13251e-08
7.27019e-12
2.13199e-08
7.19191e-12
2.13149e-08
7.11553e-12
2.13098e-08
7.04217e-12
2.13048e-08
6.97459e-12
2.12999e-08
6.91399e-12
2.1295e-08
6.86239e-12
2.12901e-08
6.81971e-12
2.12852e-08
6.78563e-12
2.12804e-08
6.75879e-12
2.12756e-08
6.73721e-12
2.12708e-08
6.71977e-12
2.12659e-08
6.70392e-12
2.12612e-08
6.68907e-12
2.12564e-08
6.67656e-12
2.12516e-08
6.66379e-12
2.12468e-08
6.65495e-12
2.1242e-08
6.64887e-12
2.12373e-08
6.65057e-12
2.12325e-08
6.64756e-12
2.12277e-08
6.64658e-12
2.12229e-08
6.63715e-12
2.12181e-08
6.61957e-12
2.12134e-08
6.62385e-12
2.12085e-08
6.65759e-12
2.12037e-08
6.71256e-12
2.11987e-08
6.79064e-12
2.11937e-08
6.89888e-12
2.11886e-08
7.03766e-12
2.11834e-08
7.21006e-12
2.1178e-08
7.40921e-12
2.11725e-08
7.63934e-12
2.11668e-08
7.88012e-12
2.1161e-08
8.11706e-12
2.1155e-08
8.34456e-12
2.11489e-08
8.53536e-12
2.11427e-08
8.67189e-12
2.11365e-08
8.71869e-12
2.11303e-08
8.64952e-12
2.11244e-08
8.47153e-12
2.11186e-08
8.19716e-12
2.1113e-08
7.84231e-12
2.11078e-08
7.38461e-12
2.1103e-08
6.88176e-12
2.10985e-08
6.37128e-12
2.10945e-08
5.77762e-12
2.10909e-08
5.23339e-12
2.10878e-08
4.44178e-12
2.10852e-08
3.72395e-12
2.10829e-08
3.27871e-12
2.10809e-08
2.92807e-12
2.10792e-08
2.58164e-12
2.10777e-08
2.244e-12
2.10766e-08
1.85194e-12
2.10761e-08
9.87586e-13
2.10758e-08
5.61574e-13
2.1076e-08
-1.49673e-13
2.10767e-08
-9.04453e-13
2.10773e-08
-7.24654e-13
2.10778e-08
-5.02542e-13
2.10788e-08
-1.02328e-12
2.10801e-08
-1.71779e-12
2.10819e-08
-2.29948e-12
2.10839e-08
-2.77279e-12
2.1086e-08
-2.97864e-12
2.10882e-08
-3.15413e-12
2.10905e-08
-3.27023e-12
2.10926e-08
-2.92288e-12
2.10944e-08
-2.52249e-12
2.10962e-08
-2.54069e-12
2.10981e-08
-2.64263e-12
2.10998e-08
-2.45507e-12
2.11014e-08
-2.30216e-12
2.1103e-08
-2.16236e-12
2.11044e-08
-2.05244e-12
2.11056e-08
-1.77464e-12
2.11064e-08
-1.13165e-12
2.11071e-08
-1.02469e-12
2.11079e-08
-1.08864e-12
2.11085e-08
-7.96299e-13
2.11091e-08
-7.57433e-13
2.11097e-08
-6.93995e-13
2.111e-08
-2.92018e-13
2.11101e-08
4.91634e-15
2.111e-08
1.63556e-13
2.11099e-08
3.83886e-13
2.11096e-08
4.18407e-13
2.11091e-08
4.56432e-13
2.11084e-08
5.28022e-13
2.11077e-08
7.83936e-13
2.11068e-08
1.19495e-12
2.11062e-08
1.07936e-12
2.11055e-08
1.12737e-12
2.11047e-08
1.22573e-12
2.11046e-08
2.5869e-13
2.15584e-13
5.16271e-08
1.98816e-09
5.37528e-08
5.08969e-09
5.50512e-08
6.43331e-09
5.5587e-08
6.87766e-09
5.5448e-08
6.79017e-09
5.4737e-08
6.37756e-09
5.36536e-08
5.75723e-09
5.23699e-08
5.08399e-09
5.10172e-08
4.42911e-09
4.96818e-08
3.83213e-09
4.8416e-08
3.3057e-09
4.7246e-08
2.85286e-09
4.61812e-08
2.4685e-09
4.52208e-08
2.14473e-09
4.43582e-08
1.87304e-09
4.35846e-08
1.64516e-09
4.28901e-08
1.45378e-09
4.22652e-08
1.29268e-09
4.17012e-08
1.15658e-09
4.11901e-08
1.04109e-09
4.07252e-08
9.42546e-10
4.03006e-08
8.57989e-10
3.99112e-08
7.85008e-10
3.95527e-08
7.21631e-10
3.92214e-08
6.66254e-10
3.89141e-08
6.17568e-10
3.86282e-08
5.74502e-10
3.83614e-08
5.36183e-10
3.81118e-08
5.01892e-10
3.78776e-08
4.71039e-10
3.76573e-08
4.43136e-10
3.74498e-08
4.1778e-10
3.72539e-08
3.94634e-10
3.70686e-08
3.73419e-10
3.68931e-08
3.53897e-10
3.67266e-08
3.35872e-10
3.65685e-08
3.19174e-10
3.64181e-08
3.03659e-10
3.6275e-08
2.89205e-10
3.61386e-08
2.75705e-10
3.60086e-08
2.63067e-10
3.58844e-08
2.51213e-10
3.57659e-08
2.4007e-10
3.56525e-08
2.2958e-10
3.55441e-08
2.19686e-10
3.54403e-08
2.10341e-10
3.5341e-08
2.01503e-10
3.52458e-08
1.93132e-10
3.51545e-08
1.85196e-10
3.50671e-08
1.77662e-10
3.49831e-08
1.70503e-10
3.49026e-08
1.63693e-10
3.48253e-08
1.57208e-10
3.4751e-08
1.51026e-10
3.46797e-08
1.45124e-10
3.46112e-08
1.39481e-10
3.45454e-08
1.34076e-10
3.44822e-08
1.28885e-10
3.44216e-08
1.23886e-10
3.43633e-08
1.19054e-10
3.43074e-08
1.14362e-10
3.42538e-08
1.09785e-10
3.42025e-08
1.05294e-10
3.41534e-08
1.00865e-10
3.41066e-08
9.64719e-11
3.40619e-08
9.20943e-11
3.40195e-08
8.77157e-11
3.39793e-08
8.33256e-11
3.39413e-08
7.8921e-11
3.39055e-08
7.45062e-11
3.3872e-08
7.00939e-11
3.38405e-08
6.57043e-11
3.38112e-08
6.13643e-11
3.3784e-08
5.71057e-11
3.37588e-08
5.29639e-11
3.37354e-08
4.89752e-11
3.37139e-08
4.51749e-11
3.36941e-08
4.1595e-11
3.36758e-08
3.82621e-11
3.3659e-08
3.51963e-11
3.36434e-08
3.24102e-11
3.3629e-08
2.99087e-11
3.36156e-08
2.76888e-11
3.36031e-08
2.57411e-11
3.35914e-08
2.40501e-11
3.35803e-08
2.25962e-11
3.35698e-08
2.13564e-11
3.35598e-08
2.03065e-11
3.35501e-08
1.94215e-11
3.35409e-08
1.86779e-11
3.35319e-08
1.80529e-11
3.35232e-08
1.75266e-11
3.35147e-08
1.70809e-11
3.35063e-08
1.67013e-11
3.34982e-08
1.63746e-11
3.34902e-08
1.60906e-11
3.34823e-08
1.584e-11
3.34745e-08
1.56158e-11
3.34669e-08
1.5412e-11
3.34593e-08
1.52239e-11
3.34519e-08
1.50468e-11
3.34445e-08
1.4877e-11
3.34372e-08
1.47113e-11
3.343e-08
1.45482e-11
3.34229e-08
1.43873e-11
3.34159e-08
1.42303e-11
3.34089e-08
1.40799e-11
3.3402e-08
1.39399e-11
3.33952e-08
1.38128e-11
3.33884e-08
1.37015e-11
3.33816e-08
1.36071e-11
3.33749e-08
1.35304e-11
3.33682e-08
1.3469e-11
3.33616e-08
1.34218e-11
3.33549e-08
1.33839e-11
3.33483e-08
1.33556e-11
3.33416e-08
1.33305e-11
3.3335e-08
1.33098e-11
3.33284e-08
1.32939e-11
3.33218e-08
1.32796e-11
3.33152e-08
1.32743e-11
3.33085e-08
1.32803e-11
3.33019e-08
1.33068e-11
3.32952e-08
1.33266e-11
3.32885e-08
1.33607e-11
3.32817e-08
1.33746e-11
3.3275e-08
1.33681e-11
3.32682e-08
1.34205e-11
3.32613e-08
1.35365e-11
3.32543e-08
1.36935e-11
3.32472e-08
1.38929e-11
3.324e-08
1.4146e-11
3.32326e-08
1.44474e-11
3.3225e-08
1.48043e-11
3.32172e-08
1.51971e-11
3.32092e-08
1.56371e-11
3.3201e-08
1.60724e-11
3.31926e-08
1.64755e-11
3.31841e-08
1.68421e-11
3.31756e-08
1.71043e-11
3.3167e-08
1.72477e-11
3.31585e-08
1.72182e-11
3.31502e-08
1.69658e-11
3.31422e-08
1.65092e-11
3.31345e-08
1.58922e-11
3.31272e-08
1.51214e-11
3.31204e-08
1.41695e-11
3.31142e-08
1.31511e-11
3.31084e-08
1.21303e-11
3.31032e-08
1.0981e-11
3.30986e-08
9.89332e-12
3.30947e-08
8.39135e-12
3.30912e-08
7.17155e-12
3.30882e-08
6.31738e-12
3.30857e-08
5.47606e-12
3.30834e-08
4.81965e-12
3.30824e-08
3.27103e-12
3.30824e-08
1.86628e-12
3.30823e-08
9.96477e-13
3.30826e-08
2.54726e-13
3.30838e-08
-1.39736e-12
3.30849e-08
-1.92063e-12
3.30859e-08
-1.72953e-12
3.30879e-08
-2.55741e-12
3.30905e-08
-3.58309e-12
3.30932e-08
-4.39006e-12
3.30961e-08
-5.22831e-12
3.30993e-08
-5.93091e-12
3.31023e-08
-5.96476e-12
3.31053e-08
-6.20032e-12
3.31084e-08
-6.41842e-12
3.31111e-08
-5.649e-12
3.31135e-08
-4.90917e-12
3.31162e-08
-5.20458e-12
3.31188e-08
-5.31225e-12
3.31209e-08
-4.6018e-12
3.3123e-08
-4.4045e-12
3.31249e-08
-4.00702e-12
3.31261e-08
-3.26936e-12
3.31273e-08
-2.91153e-12
3.31285e-08
-2.41433e-12
3.3129e-08
-1.48086e-12
3.31293e-08
-1.32902e-12
3.31299e-08
-1.37459e-12
3.31303e-08
-1.19577e-12
3.31308e-08
-1.13147e-12
3.31309e-08
-4.56513e-13
3.31309e-08
-2.88297e-15
3.31309e-08
1.83224e-13
3.31309e-08
4.3569e-13
3.31302e-08
1.0782e-12
3.31295e-08
1.16582e-12
3.31286e-08
1.43753e-12
3.31277e-08
1.71582e-12
3.31273e-08
1.57391e-12
3.31262e-08
2.2121e-12
3.31248e-08
2.47202e-12
3.3124e-08
2.07238e-12
3.31229e-08
1.36586e-12
1.34582e-12
5.07873e-08
1.20091e-09
5.25421e-08
3.3349e-09
5.42884e-08
4.68701e-09
5.57132e-08
5.45281e-09
5.67318e-08
5.77155e-09
5.73684e-08
5.74106e-09
5.76385e-08
5.48708e-09
5.76111e-08
5.11146e-09
5.73536e-08
4.6866e-09
5.69379e-08
4.24784e-09
5.64243e-08
3.81926e-09
5.58547e-08
3.42246e-09
5.52613e-08
3.06196e-09
5.46665e-08
2.73951e-09
5.40851e-08
2.45445e-09
5.35263e-08
2.20392e-09
5.29953e-08
1.98478e-09
5.24944e-08
1.79361e-09
5.20239e-08
1.62703e-09
5.15833e-08
1.48172e-09
5.11712e-08
1.35468e-09
5.07858e-08
1.24335e-09
5.04254e-08
1.14545e-09
5.00879e-08
1.05904e-09
4.97717e-08
9.82462e-10
4.9475e-08
9.14304e-10
4.91961e-08
8.53369e-10
4.89337e-08
7.98648e-10
4.86863e-08
7.4929e-10
4.84527e-08
7.04576e-10
4.8232e-08
6.639e-10
4.8023e-08
6.2675e-10
4.78249e-08
5.92692e-10
4.7637e-08
5.61357e-10
4.74585e-08
5.32431e-10
4.72887e-08
5.05648e-10
4.71271e-08
4.80776e-10
4.69731e-08
4.57618e-10
4.68263e-08
4.36003e-10
4.66863e-08
4.15782e-10
4.65525e-08
3.96826e-10
4.64247e-08
3.79021e-10
4.63025e-08
3.62267e-10
4.61856e-08
3.46477e-10
4.60737e-08
3.31572e-10
4.59666e-08
3.17482e-10
4.58639e-08
3.04146e-10
4.57656e-08
2.91507e-10
4.56712e-08
2.79515e-10
4.55808e-08
2.68124e-10
4.5494e-08
2.57292e-10
4.54107e-08
2.46981e-10
4.53308e-08
2.37153e-10
4.5254e-08
2.27774e-10
4.51803e-08
2.18811e-10
4.51096e-08
2.10228e-10
4.50417e-08
2.01992e-10
4.49765e-08
1.94068e-10
4.4914e-08
1.86419e-10
4.4854e-08
1.79008e-10
4.47966e-08
1.71794e-10
4.47416e-08
1.64739e-10
4.46891e-08
1.57805e-10
4.46391e-08
1.50955e-10
4.45914e-08
1.44156e-10
4.45461e-08
1.37384e-10
4.45032e-08
1.3062e-10
4.44627e-08
1.23855e-10
4.44245e-08
1.17092e-10
4.43887e-08
1.10343e-10
4.43551e-08
1.03634e-10
4.43238e-08
9.69979e-11
4.42947e-08
9.0478e-11
4.42677e-08
8.41223e-11
4.42427e-08
7.79819e-11
4.42195e-08
7.21075e-11
4.41982e-08
6.65465e-11
4.41784e-08
6.13399e-11
4.41602e-08
5.652e-11
4.41432e-08
5.2109e-11
4.41275e-08
4.81182e-11
4.41129e-08
4.45478e-11
4.40992e-08
4.13877e-11
4.40863e-08
3.86189e-11
4.40741e-08
3.62153e-11
4.40626e-08
3.41452e-11
4.40516e-08
3.23743e-11
4.4041e-08
3.08665e-11
4.40309e-08
2.95863e-11
4.4021e-08
2.84997e-11
4.40115e-08
2.7576e-11
4.40023e-08
2.67873e-11
4.39932e-08
2.61098e-11
4.39844e-08
2.55233e-11
4.39758e-08
2.50112e-11
4.39673e-08
2.45591e-11
4.3959e-08
2.41553e-11
4.39508e-08
2.37899e-11
4.39428e-08
2.34557e-11
4.39349e-08
2.31457e-11
4.39271e-08
2.28543e-11
4.39194e-08
2.25763e-11
4.39118e-08
2.23084e-11
4.39043e-08
2.20488e-11
4.38969e-08
2.17981e-11
4.38895e-08
2.15588e-11
4.38823e-08
2.13353e-11
4.38751e-08
2.11317e-11
4.38679e-08
2.09514e-11
4.38608e-08
2.07963e-11
4.38538e-08
2.0667e-11
4.38468e-08
2.05634e-11
4.38397e-08
2.04819e-11
4.38327e-08
2.04205e-11
4.38258e-08
2.03728e-11
4.38188e-08
2.03404e-11
4.38118e-08
2.0314e-11
4.38048e-08
2.02981e-11
4.37978e-08
2.02927e-11
4.37908e-08
2.02951e-11
4.37837e-08
2.03147e-11
4.37767e-08
2.03543e-11
4.37695e-08
2.04321e-11
4.37624e-08
2.05026e-11
4.37551e-08
2.06293e-11
4.37478e-08
2.06976e-11
4.37404e-08
2.07131e-11
4.3733e-08
2.08593e-11
4.37254e-08
2.11181e-11
4.37176e-08
2.14331e-11
4.37097e-08
2.18088e-11
4.37016e-08
2.22595e-11
4.36933e-08
2.2768e-11
4.36847e-08
2.33398e-11
4.3676e-08
2.39409e-11
4.3667e-08
2.45979e-11
4.36579e-08
2.52105e-11
4.36486e-08
2.57541e-11
4.36392e-08
2.62258e-11
4.36299e-08
2.6503e-11
4.36205e-08
2.66027e-11
4.36113e-08
2.64388e-11
4.36023e-08
2.59349e-11
4.35937e-08
2.51239e-11
4.35855e-08
2.41264e-11
4.35777e-08
2.28752e-11
4.35706e-08
2.13373e-11
4.3564e-08
1.97593e-11
4.35579e-08
1.81825e-11
4.35524e-08
1.65269e-11
4.35475e-08
1.48077e-11
4.35433e-08
1.25742e-11
4.35393e-08
1.12569e-11
4.35351e-08
1.05206e-11
4.35323e-08
8.21884e-12
4.35314e-08
5.77309e-12
4.35311e-08
3.50808e-12
4.35313e-08
1.67542e-12
4.35323e-08
-3.5597e-14
4.35344e-08
-1.81293e-12
4.35359e-08
-2.91516e-12
4.35371e-08
-3.16445e-12
4.35398e-08
-4.40969e-12
4.35433e-08
-6.0318e-12
4.35469e-08
-7.16324e-12
4.35505e-08
-7.95569e-12
4.35544e-08
-9.1521e-12
4.35583e-08
-9.80604e-12
4.35614e-08
-9.14606e-12
4.35636e-08
-8.31274e-12
4.3566e-08
-8.9197e-12
4.35697e-08
-9.27764e-12
4.3573e-08
-8.28806e-12
4.35756e-08
-7.78673e-12
4.35777e-08
-7.39626e-12
4.35804e-08
-7.33289e-12
4.35826e-08
-6.60683e-12
4.35844e-08
-5.83897e-12
4.35865e-08
-5.31532e-12
4.35874e-08
-3.80147e-12
4.3588e-08
-3.08599e-12
4.3589e-08
-2.48421e-12
4.35895e-08
-1.78353e-12
4.359e-08
-1.83673e-12
4.35898e-08
-9.75233e-13
4.35891e-08
-4.71747e-13
4.35892e-08
-5.31611e-13
4.35894e-08
-2.32718e-13
4.35895e-08
1.24533e-13
4.35894e-08
5.05005e-13
4.35895e-08
9.80051e-13
4.35895e-08
1.22885e-12
4.35888e-08
2.07536e-12
4.35872e-08
3.39733e-12
4.35856e-08
3.1276e-12
4.35851e-08
2.74228e-12
4.35845e-08
3.05452e-12
4.35838e-08
2.82419e-12
4.35822e-08
2.89631e-12
3.03469e-12
5.04292e-08
7.71686e-10
5.15297e-08
2.23437e-09
5.29046e-08
3.31209e-09
5.43437e-08
4.01374e-09
5.56733e-08
4.44193e-09
5.6795e-08
4.61937e-09
5.76718e-08
4.61031e-09
5.83268e-08
4.45651e-09
5.87966e-08
4.21678e-09
5.91067e-08
3.93781e-09
5.92798e-08
3.64609e-09
5.93434e-08
3.35893e-09
5.93211e-08
3.08419e-09
5.92353e-08
2.82531e-09
5.91025e-08
2.58729e-09
5.89363e-08
2.3701e-09
5.87476e-08
2.17353e-09
5.85445e-08
1.99667e-09
5.83333e-08
1.83823e-09
5.81187e-08
1.69635e-09
5.79041e-08
1.56928e-09
5.7692e-08
1.45546e-09
5.74841e-08
1.35336e-09
5.72815e-08
1.26158e-09
5.70851e-08
1.17888e-09
5.68953e-08
1.10414e-09
5.67123e-08
1.03639e-09
5.65361e-08
9.7477e-10
5.63669e-08
9.1855e-10
5.62044e-08
8.67088e-10
5.60484e-08
8.1983e-10
5.58989e-08
7.76297e-10
5.57555e-08
7.36078e-10
5.56181e-08
6.98816e-10
5.54863e-08
6.64201e-10
5.536e-08
6.31965e-10
5.52389e-08
6.01875e-10
5.51228e-08
5.73726e-10
5.50114e-08
5.4734e-10
5.49046e-08
5.22561e-10
5.48022e-08
4.99249e-10
5.4704e-08
4.77283e-10
5.46097e-08
4.56553e-10
5.45192e-08
4.36963e-10
5.44323e-08
4.18426e-10
5.4349e-08
4.00864e-10
5.42689e-08
3.84208e-10
5.4192e-08
3.68392e-10
5.41182e-08
3.53359e-10
5.40472e-08
3.39056e-10
5.39791e-08
3.25434e-10
5.39136e-08
3.12445e-10
5.38507e-08
3.00046e-10
5.37903e-08
2.88193e-10
5.37323e-08
2.76845e-10
5.36766e-08
2.65958e-10
5.36231e-08
2.5549e-10
5.35717e-08
2.45396e-10
5.35225e-08
2.35629e-10
5.34754e-08
2.26142e-10
5.34303e-08
2.16886e-10
5.33873e-08
2.07816e-10
5.33462e-08
1.98884e-10
5.33071e-08
1.90051e-10
5.327e-08
1.8128e-10
5.32348e-08
1.72547e-10
5.32016e-08
1.63835e-10
5.31703e-08
1.55141e-10
5.31409e-08
1.46475e-10
5.31134e-08
1.37861e-10
5.30877e-08
1.29335e-10
5.30638e-08
1.20944e-10
5.30415e-08
1.12742e-10
5.30208e-08
1.0479e-10
5.30017e-08
9.71489e-11
5.29839e-08
8.98778e-11
5.29674e-08
8.30295e-11
5.29521e-08
7.66479e-11
5.29379e-08
7.07651e-11
5.29246e-08
6.54005e-11
5.29121e-08
6.05603e-11
5.29004e-08
5.62377e-11
5.28894e-08
5.24141e-11
5.2879e-08
4.90612e-11
5.2869e-08
4.61434e-11
5.28595e-08
4.362e-11
5.28505e-08
4.14476e-11
5.28418e-08
3.95824e-11
5.28334e-08
3.79818e-11
5.28253e-08
3.66064e-11
5.28174e-08
3.54202e-11
5.28098e-08
3.4392e-11
5.28024e-08
3.34948e-11
5.27952e-08
3.27064e-11
5.27883e-08
3.20085e-11
5.27814e-08
3.13852e-11
5.27748e-08
3.08236e-11
5.27682e-08
3.03127e-11
5.27619e-08
2.98442e-11
5.27556e-08
2.94108e-11
5.27494e-08
2.90059e-11
5.27434e-08
2.86244e-11
5.27374e-08
2.82625e-11
5.27316e-08
2.79191e-11
5.27258e-08
2.7595e-11
5.272e-08
2.72934e-11
5.27144e-08
2.70185e-11
5.27087e-08
2.67742e-11
5.27031e-08
2.65628e-11
5.26975e-08
2.63853e-11
5.26919e-08
2.62407e-11
5.26864e-08
2.61278e-11
5.26808e-08
2.60421e-11
5.26753e-08
2.59819e-11
5.26697e-08
2.59398e-11
5.26641e-08
2.59189e-11
5.26585e-08
2.59079e-11
5.26529e-08
2.59156e-11
5.26473e-08
2.59384e-11
5.26416e-08
2.59808e-11
5.26358e-08
2.60592e-11
5.263e-08
2.61684e-11
5.26241e-08
2.63199e-11
5.26181e-08
2.64726e-11
5.2612e-08
2.67577e-11
5.26058e-08
2.68719e-11
5.25996e-08
2.69152e-11
5.25933e-08
2.72238e-11
5.25867e-08
2.7684e-11
5.25799e-08
2.81989e-11
5.2573e-08
2.87866e-11
5.25657e-08
2.94651e-11
5.25583e-08
3.02061e-11
5.25506e-08
3.10073e-11
5.25428e-08
3.18082e-11
5.25347e-08
3.26688e-11
5.25265e-08
3.34252e-11
5.25181e-08
3.40928e-11
5.25097e-08
3.46913e-11
5.25012e-08
3.4984e-11
5.24927e-08
3.50662e-11
5.24843e-08
3.4841e-11
5.24762e-08
3.41409e-11
5.24683e-08
3.29908e-11
5.24607e-08
3.17681e-11
5.24534e-08
3.00862e-11
5.24469e-08
2.79154e-11
5.24408e-08
2.58442e-11
5.24352e-08
2.3757e-11
5.243e-08
2.1724e-11
5.24255e-08
1.93436e-11
5.2421e-08
1.70485e-11
5.24177e-08
1.45832e-11
5.24165e-08
1.17253e-11
5.2416e-08
8.77269e-12
5.2416e-08
5.81369e-12
5.24163e-08
3.15866e-12
5.24171e-08
8.76434e-13
5.24181e-08
-1.11228e-12
5.2419e-08
-2.69787e-12
5.24202e-08
-4.10887e-12
5.24231e-08
-6.12194e-12
5.24269e-08
-8.21918e-12
5.24305e-08
-9.57993e-12
5.24339e-08
-1.05564e-11
5.24373e-08
-1.13813e-11
5.24398e-08
-1.16299e-11
5.24419e-08
-1.1893e-11
5.24455e-08
-1.27923e-11
5.24503e-08
-1.30312e-11
5.24536e-08
-1.22732e-11
5.24564e-08
-1.21261e-11
5.24605e-08
-1.23597e-11
5.24645e-08
-1.18315e-11
5.24679e-08
-1.07407e-11
5.24702e-08
-9.68547e-12
5.24719e-08
-8.25579e-12
5.24724e-08
-6.42889e-12
5.24725e-08
-5.40335e-12
5.24736e-08
-4.91958e-12
5.2475e-08
-4.39e-12
5.24761e-08
-3.66152e-12
5.2477e-08
-2.65013e-12
5.24768e-08
-1.63974e-12
5.24771e-08
-1.20604e-12
5.24773e-08
-6.79754e-13
5.24771e-08
-2.89904e-13
5.24772e-08
-3.11677e-13
5.24773e-08
2.1148e-14
5.24772e-08
5.68456e-13
5.24775e-08
7.02551e-13
5.24769e-08
1.77988e-12
5.24761e-08
2.91855e-12
5.24764e-08
3.07702e-12
5.2476e-08
3.5243e-12
5.24752e-08
3.58215e-12
5.24752e-08
3.05834e-12
5.2475e-08
2.95374e-12
5.24737e-08
4.22387e-12
4.59586e-12
5.02586e-08
5.13131e-10
5.09784e-08
1.51457e-09
5.19747e-08
2.31573e-09
5.31021e-08
2.88639e-09
5.42799e-08
3.26405e-09
5.54288e-08
3.47056e-09
5.65005e-08
3.53862e-09
5.74471e-08
3.5099e-09
5.82553e-08
3.40854e-09
5.89322e-08
3.261e-09
5.94903e-08
3.08791e-09
5.99531e-08
2.89622e-09
6.03342e-08
2.70306e-09
6.06426e-08
2.51689e-09
6.08886e-08
2.34129e-09
6.10804e-08
2.17824e-09
6.12269e-08
2.02711e-09
6.13358e-08
1.88773e-09
6.14134e-08
1.76063e-09
6.14652e-08
1.64457e-09
6.1496e-08
1.53849e-09
6.15097e-08
1.44169e-09
6.15098e-08
1.35332e-09
6.14988e-08
1.27254e-09
6.14791e-08
1.19858e-09
6.14525e-08
1.13074e-09
6.14205e-08
1.06837e-09
6.13844e-08
1.01088e-09
6.13452e-08
9.57772e-10
6.13037e-08
9.0858e-10
6.12606e-08
8.62906e-10
6.12165e-08
8.20398e-10
6.11718e-08
7.8075e-10
6.1127e-08
7.43688e-10
6.10822e-08
7.08974e-10
6.10378e-08
6.76399e-10
6.09939e-08
6.45777e-10
6.09506e-08
6.16943e-10
6.09082e-08
5.89753e-10
6.08667e-08
5.64075e-10
6.08262e-08
5.39795e-10
6.07866e-08
5.16809e-10
6.07482e-08
4.95023e-10
6.07108e-08
4.74352e-10
6.06745e-08
4.54721e-10
6.06393e-08
4.3606e-10
6.06052e-08
4.18305e-10
6.05722e-08
4.01398e-10
6.05403e-08
3.85286e-10
6.05094e-08
3.69917e-10
6.04796e-08
3.55245e-10
6.04508e-08
3.41224e-10
6.04231e-08
3.27809e-10
6.03963e-08
3.14959e-10
6.03705e-08
3.02628e-10
6.03457e-08
2.90773e-10
6.03218e-08
2.79348e-10
6.02989e-08
2.68306e-10
6.0277e-08
2.57598e-10
6.02559e-08
2.47173e-10
6.02359e-08
2.36982e-10
6.02167e-08
2.26976e-10
6.01985e-08
2.1711e-10
6.01812e-08
2.07344e-10
6.01648e-08
1.97646e-10
6.01494e-08
1.87993e-10
6.01348e-08
1.78376e-10
6.01212e-08
1.68798e-10
6.01084e-08
1.59275e-10
6.00964e-08
1.49838e-10
6.00852e-08
1.40531e-10
6.00748e-08
1.31405e-10
6.0065e-08
1.22521e-10
6.00558e-08
1.13942e-10
6.00473e-08
1.0573e-10
6.00392e-08
9.79446e-11
6.00316e-08
9.06357e-11
6.00244e-08
8.38435e-11
6.00175e-08
7.75951e-11
6.0011e-08
7.19039e-11
6.00048e-08
6.67697e-11
5.99989e-08
6.21792e-11
5.99932e-08
5.8108e-11
5.99877e-08
5.45224e-11
5.99825e-08
5.13824e-11
5.99775e-08
4.86438e-11
5.99726e-08
4.62609e-11
5.9968e-08
4.41885e-11
5.99636e-08
4.23837e-11
5.99594e-08
4.08072e-11
5.99554e-08
3.94242e-11
5.99516e-08
3.82048e-11
5.9948e-08
3.71236e-11
5.99445e-08
3.616e-11
5.99413e-08
3.52969e-11
5.99381e-08
3.452e-11
5.99351e-08
3.38169e-11
5.99323e-08
3.31772e-11
5.99295e-08
3.25929e-11
5.99269e-08
3.20569e-11
5.99243e-08
3.15629e-11
5.99218e-08
3.11058e-11
5.99194e-08
3.06822e-11
5.99171e-08
3.02906e-11
5.99147e-08
2.99317e-11
5.99124e-08
2.96077e-11
5.99101e-08
2.93213e-11
5.99078e-08
2.90743e-11
5.99055e-08
2.88675e-11
5.99032e-08
2.86999e-11
5.99009e-08
2.85695e-11
5.98985e-08
2.84738e-11
5.98961e-08
2.84092e-11
5.98938e-08
2.83736e-11
5.98913e-08
2.83622e-11
5.98889e-08
2.83766e-11
5.98864e-08
2.84088e-11
5.98838e-08
2.84682e-11
5.98812e-08
2.85487e-11
5.98785e-08
2.86562e-11
5.98758e-08
2.88103e-11
5.98729e-08
2.90155e-11
5.987e-08
2.92528e-11
5.98669e-08
2.95811e-11
5.98636e-08
3.00613e-11
5.98604e-08
3.00503e-11
5.98571e-08
3.01796e-11
5.98535e-08
3.08081e-11
5.98497e-08
3.15266e-11
5.98456e-08
3.22577e-11
5.98414e-08
3.30652e-11
5.98369e-08
3.39585e-11
5.98321e-08
3.49186e-11
5.98272e-08
3.59409e-11
5.98221e-08
3.69307e-11
5.98168e-08
3.79628e-11
5.98114e-08
3.8818e-11
5.98059e-08
3.9616e-11
5.98002e-08
4.04126e-11
5.97943e-08
4.07924e-11
5.97885e-08
4.09675e-11
5.97824e-08
4.09478e-11
5.97763e-08
4.02231e-11
5.97704e-08
3.88615e-11
5.97643e-08
3.78796e-11
5.97585e-08
3.58968e-11
5.97534e-08
3.30302e-11
5.97485e-08
3.06614e-11
5.9744e-08
2.83074e-11
5.97398e-08
2.59048e-11
5.97363e-08
2.28737e-11
5.97338e-08
1.95746e-11
5.97321e-08
1.62794e-11
5.97313e-08
1.25629e-11
5.97312e-08
8.88518e-12
5.97316e-08
5.41999e-12
5.97323e-08
2.44116e-12
5.97335e-08
-3.07029e-13
5.97351e-08
-2.72273e-12
5.97372e-08
-4.84483e-12
5.97399e-08
-6.8377e-12
5.97427e-08
-8.95108e-12
5.97456e-08
-1.11566e-11
5.97488e-08
-1.27815e-11
5.97522e-08
-1.39236e-11
5.97556e-08
-1.47744e-11
5.97594e-08
-1.53401e-11
5.97634e-08
-1.59187e-11
5.97671e-08
-1.65092e-11
5.97706e-08
-1.65485e-11
5.97744e-08
-1.60618e-11
5.97779e-08
-1.56125e-11
5.97805e-08
-1.50334e-11
5.97825e-08
-1.37854e-11
5.97847e-08
-1.29862e-11
5.97865e-08
-1.15015e-11
5.97876e-08
-9.29328e-12
5.97893e-08
-8.1941e-12
5.97908e-08
-6.92177e-12
5.97925e-08
-6.60532e-12
5.97944e-08
-6.26391e-12
5.97957e-08
-4.97718e-12
5.97969e-08
-3.77487e-12
5.97981e-08
-2.84511e-12
5.9799e-08
-2.05457e-12
5.97996e-08
-1.2937e-12
5.98001e-08
-8.49463e-13
5.98001e-08
-3.04595e-13
5.97996e-08
5.84917e-13
5.97995e-08
5.84489e-13
5.97995e-08
7.20984e-13
5.97995e-08
1.81267e-12
5.97999e-08
2.54115e-12
5.97999e-08
3.00361e-12
5.98002e-08
3.29824e-12
5.98008e-08
2.99286e-12
5.9801e-08
2.82025e-12
5.9801e-08
2.98841e-12
5.98007e-08
4.48108e-12
4.92248e-12
5.0174e-08
3.39171e-10
5.06811e-08
1.00747e-09
5.1427e-08
1.56978e-09
5.23215e-08
1.9919e-09
5.33016e-08
2.28393e-09
5.431e-08
2.46214e-09
5.53039e-08
2.54477e-09
5.62583e-08
2.55551e-09
5.71532e-08
2.51365e-09
5.798e-08
2.43421e-09
5.87338e-08
2.33408e-09
5.9408e-08
2.22199e-09
6.00076e-08
2.10351e-09
6.05391e-08
1.98539e-09
6.10115e-08
1.86884e-09
6.1433e-08
1.75679e-09
6.1809e-08
1.6511e-09
6.21444e-08
1.55233e-09
6.24438e-08
1.46123e-09
6.27107e-08
1.37764e-09
6.29488e-08
1.3004e-09
6.31614e-08
1.22909e-09
6.33515e-08
1.16319e-09
6.35219e-08
1.10218e-09
6.36749e-08
1.04562e-09
6.38125e-08
9.9309e-10
6.39367e-08
9.44192e-10
6.4049e-08
8.98585e-10
6.41508e-08
8.55957e-10
6.42434e-08
8.16031e-10
6.43277e-08
7.78562e-10
6.44048e-08
7.43333e-10
6.44754e-08
7.10153e-10
6.45402e-08
6.78852e-10
6.45999e-08
6.49279e-10
6.4655e-08
6.21301e-10
6.4706e-08
5.94798e-10
6.47532e-08
5.69666e-10
6.47972e-08
5.45807e-10
6.48381e-08
5.23136e-10
6.48764e-08
5.01575e-10
6.49121e-08
4.81054e-10
6.49456e-08
4.61508e-10
6.49771e-08
4.42878e-10
6.50067e-08
4.2511e-10
6.50346e-08
4.08155e-10
6.5061e-08
3.91964e-10
6.50859e-08
3.76496e-10
6.51094e-08
3.61709e-10
6.51318e-08
3.47565e-10
6.5153e-08
3.34025e-10
6.51732e-08
3.21053e-10
6.51924e-08
3.08614e-10
6.52107e-08
2.9667e-10
6.52281e-08
2.85184e-10
6.52448e-08
2.74118e-10
6.52607e-08
2.63431e-10
6.52759e-08
2.53081e-10
6.52905e-08
2.43026e-10
6.53045e-08
2.33221e-10
6.53178e-08
2.23622e-10
6.53306e-08
2.14187e-10
6.53428e-08
2.04878e-10
6.53545e-08
1.95663e-10
6.53657e-08
1.86515e-10
6.53762e-08
1.77418e-10
6.53863e-08
1.68368e-10
6.53957e-08
1.59372e-10
6.54045e-08
1.50448e-10
6.54127e-08
1.41628e-10
6.54203e-08
1.32951e-10
6.54272e-08
1.24468e-10
6.54335e-08
1.16231e-10
6.54392e-08
1.08295e-10
6.54442e-08
1.00715e-10
6.54486e-08
9.35388e-11
6.54524e-08
8.68068e-11
6.54557e-08
8.05499e-11
6.54585e-08
7.47869e-11
6.54609e-08
6.95247e-11
6.54629e-08
6.4758e-11
6.54646e-08
6.04711e-11
6.54661e-08
5.66388e-11
6.54674e-08
5.3229e-11
6.54686e-08
5.02049e-11
6.54697e-08
4.75274e-11
6.54708e-08
4.51565e-11
6.54719e-08
4.30543e-11
6.54731e-08
4.1185e-11
6.54744e-08
3.9517e-11
6.54758e-08
3.8023e-11
6.54773e-08
3.668e-11
6.5479e-08
3.54692e-11
6.54808e-08
3.43757e-11
6.54827e-08
3.33871e-11
6.54847e-08
3.24927e-11
6.54868e-08
3.16834e-11
6.54891e-08
3.09511e-11
6.54914e-08
3.0289e-11
6.54937e-08
2.9691e-11
6.54962e-08
2.91515e-11
6.54986e-08
2.86657e-11
6.55011e-08
2.82299e-11
6.55035e-08
2.78418e-11
6.55059e-08
2.75006e-11
6.55083e-08
2.72062e-11
6.55107e-08
2.69584e-11
6.5513e-08
2.6756e-11
6.55153e-08
2.65974e-11
6.55175e-08
2.64799e-11
6.55197e-08
2.64008e-11
6.55218e-08
2.63569e-11
6.55239e-08
2.63467e-11
6.55259e-08
2.63681e-11
6.55278e-08
2.64206e-11
6.55297e-08
2.65013e-11
6.55315e-08
2.66105e-11
6.55332e-08
2.67512e-11
6.55348e-08
2.69211e-11
6.55363e-08
2.71314e-11
6.55378e-08
2.73821e-11
6.55391e-08
2.76733e-11
6.55404e-08
2.79775e-11
6.55416e-08
2.83552e-11
6.5543e-08
2.86755e-11
6.5544e-08
2.90388e-11
6.55443e-08
2.9869e-11
6.55445e-08
3.06115e-11
6.55447e-08
3.13804e-11
6.55446e-08
3.22789e-11
6.55444e-08
3.32741e-11
6.5544e-08
3.43383e-11
6.55435e-08
3.54612e-11
6.55428e-08
3.66248e-11
6.5542e-08
3.77577e-11
6.55411e-08
3.88884e-11
6.554e-08
3.9867e-11
6.55388e-08
4.07816e-11
6.55376e-08
4.1657e-11
6.55362e-08
4.21642e-11
6.55347e-08
4.25226e-11
6.55325e-08
4.31544e-11
6.553e-08
4.27236e-11
6.55274e-08
4.14693e-11
6.55238e-08
4.14944e-11
6.55205e-08
3.9179e-11
6.55176e-08
3.58517e-11
6.55146e-08
3.37378e-11
6.55113e-08
3.15852e-11
6.55081e-08
2.90739e-11
6.55055e-08
2.54607e-11
6.55041e-08
2.1083e-11
6.55034e-08
1.69028e-11
6.55035e-08
1.25091e-11
6.55042e-08
8.1922e-12
6.55053e-08
4.39679e-12
6.55064e-08
1.32689e-12
6.55077e-08
-1.68156e-12
6.55094e-08
-4.45957e-12
6.55113e-08
-6.78359e-12
6.55136e-08
-9.19096e-12
6.55163e-08
-1.16222e-11
6.55192e-08
-1.40436e-11
6.55223e-08
-1.58182e-11
6.55256e-08
-1.72329e-11
6.55288e-08
-1.80054e-11
6.55321e-08
-1.86011e-11
6.55359e-08
-1.97343e-11
6.55398e-08
-2.04111e-11
6.55432e-08
-1.99483e-11
6.55465e-08
-1.93931e-11
6.55497e-08
-1.88207e-11
6.55522e-08
-1.75129e-11
6.55548e-08
-1.6347e-11
6.55577e-08
-1.59361e-11
6.556e-08
-1.37743e-11
6.55617e-08
-1.10211e-11
6.5563e-08
-9.51797e-12
6.55647e-08
-8.62844e-12
6.55667e-08
-8.53515e-12
6.55681e-08
-7.64743e-12
6.55691e-08
-6.02633e-12
6.55701e-08
-4.69616e-12
6.55716e-08
-4.336e-12
6.55729e-08
-3.32827e-12
6.55738e-08
-2.20452e-12
6.5575e-08
-2.10218e-12
6.55764e-08
-1.6646e-12
6.55771e-08
-1.82185e-13
6.55777e-08
4.68798e-14
6.55787e-08
-2.57032e-13
6.55799e-08
5.18454e-13
6.55813e-08
1.1485e-12
6.55822e-08
2.12795e-12
6.55833e-08
2.20896e-12
6.55849e-08
1.372e-12
6.55863e-08
1.45687e-12
6.55876e-08
1.71006e-12
6.55885e-08
3.58928e-12
4.30964e-12
5.01301e-08
2.08999e-10
5.05199e-08
6.17653e-10
5.11144e-08
9.75353e-10
5.18535e-08
1.25273e-09
5.26875e-08
1.4499e-09
5.35736e-08
1.57606e-09
5.44767e-08
1.64168e-09
5.53721e-08
1.66014e-09
5.62414e-08
1.64438e-09
5.70716e-08
1.60403e-09
5.78573e-08
1.54836e-09
5.85955e-08
1.48385e-09
5.92841e-08
1.41488e-09
5.99251e-08
1.34435e-09
6.05192e-08
1.27474e-09
6.10682e-08
1.20781e-09
6.15747e-08
1.14456e-09
6.20419e-08
1.08516e-09
6.24746e-08
1.02854e-09
6.28767e-08
9.75552e-10
6.32506e-08
9.26501e-10
6.35987e-08
8.80947e-10
6.39233e-08
8.38619e-10
6.42263e-08
7.99182e-10
6.45096e-08
7.62336e-10
6.47748e-08
7.27824e-10
6.50236e-08
6.95423e-10
6.52573e-08
6.64934e-10
6.5477e-08
6.3618e-10
6.56841e-08
6.0901e-10
6.58793e-08
5.83288e-10
6.60638e-08
5.58897e-10
6.62382e-08
5.35734e-10
6.64033e-08
5.13709e-10
6.65599e-08
4.92743e-10
6.67084e-08
4.72764e-10
6.68495e-08
4.5371e-10
6.69836e-08
4.35525e-10
6.71113e-08
4.18157e-10
6.72329e-08
4.01561e-10
6.73487e-08
3.85695e-10
6.74593e-08
3.7052e-10
6.75648e-08
3.56001e-10
6.76656e-08
3.42105e-10
6.77619e-08
3.288e-10
6.7854e-08
3.16058e-10
6.79421e-08
3.03852e-10
6.80264e-08
2.92155e-10
6.81072e-08
2.80942e-10
6.81846e-08
2.70189e-10
6.82587e-08
2.59873e-10
6.83298e-08
2.49969e-10
6.8398e-08
2.40452e-10
6.84633e-08
2.31298e-10
6.8526e-08
2.22482e-10
6.85862e-08
2.13976e-10
6.86439e-08
2.05751e-10
6.86992e-08
1.97779e-10
6.87522e-08
1.90028e-10
6.88029e-08
1.82467e-10
6.88515e-08
1.75067e-10
6.88979e-08
1.67798e-10
6.89421e-08
1.60634e-10
6.89842e-08
1.53552e-10
6.90242e-08
1.46537e-10
6.90621e-08
1.39578e-10
6.90978e-08
1.32673e-10
6.91313e-08
1.25828e-10
6.91627e-08
1.19058e-10
6.9192e-08
1.12384e-10
6.92191e-08
1.05833e-10
6.92441e-08
9.94398e-11
6.92671e-08
9.32386e-11
6.92881e-08
8.72658e-11
6.93073e-08
8.15553e-11
6.93247e-08
7.61376e-11
6.93405e-08
7.10368e-11
6.93547e-08
6.62702e-11
6.93677e-08
6.18469e-11
6.93794e-08
5.7768e-11
6.93902e-08
5.40268e-11
6.94e-08
5.06097e-11
6.94091e-08
4.7498e-11
6.94177e-08
4.46687e-11
6.94258e-08
4.20969e-11
6.94336e-08
3.97567e-11
6.94411e-08
3.76233e-11
6.94485e-08
3.56736e-11
6.94558e-08
3.3887e-11
6.94631e-08
3.22465e-11
6.94704e-08
3.07381e-11
6.94777e-08
2.93513e-11
6.94851e-08
2.80784e-11
6.94925e-08
2.69137e-11
6.95001e-08
2.58524e-11
6.95077e-08
2.48905e-11
6.95153e-08
2.40236e-11
6.9523e-08
2.32476e-11
6.95308e-08
2.25578e-11
6.95385e-08
2.19497e-11
6.95463e-08
2.14187e-11
6.9554e-08
2.09597e-11
6.95616e-08
2.05681e-11
6.95692e-08
2.024e-11
6.95768e-08
1.99722e-11
6.95842e-08
1.97614e-11
6.95916e-08
1.96039e-11
6.95988e-08
1.94952e-11
6.9606e-08
1.94314e-11
6.96131e-08
1.94081e-11
6.962e-08
1.94222e-11
6.96269e-08
1.947e-11
6.96337e-08
1.95526e-11
6.96404e-08
1.96683e-11
6.9647e-08
1.982e-11
6.96535e-08
2.00032e-11
6.96599e-08
2.02223e-11
6.96662e-08
2.04792e-11
6.96723e-08
2.0769e-11
6.96784e-08
2.11027e-11
6.96843e-08
2.14695e-11
6.96901e-08
2.18844e-11
6.96957e-08
2.23162e-11
6.97012e-08
2.28237e-11
6.97066e-08
2.3318e-11
6.97117e-08
2.38873e-11
6.97168e-08
2.47954e-11
6.97217e-08
2.56942e-11
6.97265e-08
2.66294e-11
6.97311e-08
2.76614e-11
6.97356e-08
2.87905e-11
6.97399e-08
2.99716e-11
6.97442e-08
3.1207e-11
6.97484e-08
3.24398e-11
6.97525e-08
3.36372e-11
6.97567e-08
3.47107e-11
6.97608e-08
3.57741e-11
6.97648e-08
3.67389e-11
6.97691e-08
3.7358e-11
6.97734e-08
3.78643e-11
6.97777e-08
3.82379e-11
6.97826e-08
3.82856e-11
6.97865e-08
3.87984e-11
6.97881e-08
3.9876e-11
6.97895e-08
4.0122e-11
6.97898e-08
3.89001e-11
6.97884e-08
3.72409e-11
6.97866e-08
3.54885e-11
6.97843e-08
3.39056e-11
6.97819e-08
3.14031e-11
6.97805e-08
2.69121e-11
6.97802e-08
2.14005e-11
6.97809e-08
1.61912e-11
6.97824e-08
1.10227e-11
6.97839e-08
6.78676e-12
6.97853e-08
3.00255e-12
6.97865e-08
1.35681e-13
6.9788e-08
-3.21577e-12
6.97901e-08
-6.64695e-12
6.97922e-08
-8.92032e-12
6.9795e-08
-1.20235e-11
6.9798e-08
-1.4626e-11
6.98011e-08
-1.70887e-11
6.98045e-08
-1.92542e-11
6.98077e-08
-2.03461e-11
6.98103e-08
-2.06623e-11
6.98138e-08
-2.20127e-11
6.98172e-08
-2.31639e-11
6.98191e-08
-2.23256e-11
6.9821e-08
-2.17983e-11
6.98231e-08
-2.15076e-11
6.98256e-08
-2.13544e-11
6.98275e-08
-1.94888e-11
6.98292e-08
-1.80412e-11
6.9832e-08
-1.87284e-11
6.98355e-08
-1.71903e-11
6.9838e-08
-1.35863e-11
6.98406e-08
-1.21514e-11
6.98441e-08
-1.20577e-11
6.98455e-08
-9.92077e-12
6.98458e-08
-8.00768e-12
6.98481e-08
-8.28728e-12
6.98502e-08
-6.83041e-12
6.98511e-08
-5.13958e-12
6.9853e-08
-5.23959e-12
6.98548e-08
-3.9671e-12
6.98553e-08
-2.66531e-12
6.98564e-08
-2.69164e-12
6.98581e-08
-1.9731e-12
6.98594e-08
-1.24064e-12
6.98601e-08
-9.85411e-13
6.98611e-08
-4.36851e-13
6.98627e-08
-4.46404e-13
6.98649e-08
-1.32098e-13
6.98668e-08
3.79032e-13
6.98684e-08
-2.70715e-13
6.98703e-08
-3.79453e-13
6.98723e-08
-2.85314e-13
6.98744e-08
1.45777e-12
2.29206e-12
5.01066e-08
1.02345e-10
5.04359e-08
2.88396e-10
5.09424e-08
4.68847e-10
5.15892e-08
6.05923e-10
5.23343e-08
7.04751e-10
5.3141e-08
7.69396e-10
5.39779e-08
8.0474e-10
5.48213e-08
8.16809e-10
5.56538e-08
8.1182e-10
5.64633e-08
7.94563e-10
5.72423e-08
7.69372e-10
5.79865e-08
7.39605e-10
5.86938e-08
7.07594e-10
5.93634e-08
6.74818e-10
5.99958e-08
6.42316e-10
6.05927e-08
6.109e-10
6.11562e-08
5.81099e-10
6.16882e-08
5.53095e-10
6.21902e-08
5.26549e-10
6.26642e-08
5.0152e-10
6.31125e-08
4.78283e-10
6.35369e-08
4.56541e-10
6.39393e-08
4.3619e-10
6.43213e-08
4.1714e-10
6.46844e-08
3.99263e-10
6.50298e-08
3.82439e-10
6.53587e-08
3.66564e-10
6.5672e-08
3.51546e-10
6.59709e-08
3.37305e-10
6.62562e-08
3.23773e-10
6.65285e-08
3.10891e-10
6.67888e-08
2.98607e-10
6.70377e-08
2.86877e-10
6.72757e-08
2.75665e-10
6.75035e-08
2.64938e-10
6.77216e-08
2.54666e-10
6.79305e-08
2.44824e-10
6.81307e-08
2.3539e-10
6.83225e-08
2.26343e-10
6.85064e-08
2.17666e-10
6.86827e-08
2.09342e-10
6.88519e-08
2.01354e-10
6.90142e-08
1.93689e-10
6.917e-08
1.86334e-10
6.93195e-08
1.79275e-10
6.94631e-08
1.725e-10
6.96009e-08
1.65998e-10
6.97333e-08
1.59757e-10
6.98605e-08
1.53767e-10
6.99827e-08
1.48016e-10
7.01001e-08
1.42494e-10
7.02128e-08
1.37189e-10
7.03212e-08
1.32091e-10
7.04253e-08
1.27188e-10
7.05253e-08
1.22468e-10
7.06214e-08
1.17918e-10
7.07136e-08
1.13526e-10
7.08021e-08
1.09279e-10
7.0887e-08
1.05164e-10
7.09683e-08
1.01167e-10
7.10461e-08
9.72759e-11
7.11204e-08
9.34786e-11
7.11913e-08
8.97645e-11
7.12587e-08
8.61245e-11
7.13227e-08
8.25514e-11
7.13832e-08
7.90401e-11
7.14403e-08
7.55883e-11
7.1494e-08
7.21958e-11
7.15442e-08
6.8865e-11
7.15909e-08
6.56004e-11
7.16344e-08
6.24081e-11
7.16745e-08
5.92953e-11
7.17115e-08
5.62699e-11
7.17454e-08
5.33395e-11
7.17765e-08
5.05108e-11
7.18048e-08
4.77894e-11
7.18307e-08
4.51785e-11
7.18542e-08
4.26794e-11
7.18758e-08
4.02911e-11
7.18956e-08
3.80103e-11
7.19137e-08
3.5832e-11
7.19306e-08
3.37497e-11
7.19463e-08
3.17564e-11
7.19612e-08
2.98451e-11
7.19752e-08
2.80093e-11
7.19888e-08
2.62439e-11
7.20018e-08
2.45454e-11
7.20146e-08
2.29122e-11
7.20271e-08
2.13448e-11
7.20395e-08
1.98458e-11
7.20519e-08
1.84195e-11
7.20641e-08
1.70716e-11
7.20764e-08
1.58086e-11
7.20887e-08
1.46368e-11
7.2101e-08
1.35618e-11
7.21133e-08
1.25874e-11
7.21256e-08
1.1716e-11
7.21379e-08
1.09482e-11
7.21502e-08
1.02826e-11
7.21624e-08
9.71665e-12
7.21746e-08
9.24626e-12
7.21867e-08
8.86627e-12
7.21987e-08
8.57062e-12
7.22106e-08
8.35327e-12
7.22223e-08
8.20816e-12
7.2234e-08
8.12871e-12
7.22455e-08
8.10755e-12
7.22568e-08
8.13711e-12
7.2268e-08
8.21109e-12
7.22791e-08
8.3234e-12
7.22901e-08
8.47043e-12
7.23009e-08
8.64857e-12
7.23116e-08
8.85968e-12
7.23222e-08
9.10346e-12
7.23326e-08
9.38369e-12
7.23429e-08
9.69804e-12
7.23531e-08
1.00506e-11
7.23631e-08
1.04447e-11
7.2373e-08
1.08721e-11
7.23828e-08
1.1345e-11
7.23924e-08
1.18508e-11
7.24019e-08
1.23995e-11
7.24112e-08
1.29726e-11
7.24204e-08
1.36035e-11
7.24295e-08
1.42785e-11
7.24383e-08
1.50171e-11
7.24472e-08
1.59402e-11
7.24559e-08
1.69319e-11
7.24646e-08
1.79692e-11
7.24732e-08
1.90898e-11
7.24817e-08
2.02906e-11
7.24901e-08
2.15337e-11
7.24985e-08
2.28058e-11
7.25069e-08
2.40386e-11
7.25153e-08
2.5282e-11
7.25236e-08
2.63599e-11
7.25319e-08
2.74451e-11
7.25403e-08
2.8347e-11
7.25487e-08
2.8966e-11
7.25569e-08
2.96502e-11
7.25651e-08
3.00722e-11
7.25728e-08
3.05419e-11
7.25807e-08
3.09338e-11
7.25888e-08
3.18227e-11
7.25974e-08
3.14884e-11
7.2605e-08
3.12845e-11
7.26089e-08
3.33554e-11
7.26111e-08
3.33336e-11
7.26138e-08
3.11139e-11
7.2616e-08
2.92239e-11
7.26162e-08
2.67204e-11
7.26167e-08
2.09349e-11
7.26176e-08
1.53139e-11
7.26182e-08
1.03996e-11
7.26189e-08
6.15967e-12
7.26203e-08
1.66315e-12
7.26238e-08
-3.40323e-12
7.26276e-08
-7.07681e-12
7.26299e-08
-8.92097e-12
7.26328e-08
-1.18701e-11
7.26363e-08
-1.55813e-11
7.26385e-08
-1.68669e-11
7.26395e-08
-1.81121e-11
7.26413e-08
-2.09786e-11
7.26425e-08
-2.15579e-11
7.26449e-08
-2.3045e-11
7.26482e-08
-2.5277e-11
7.26497e-08
-2.46082e-11
7.26509e-08
-2.35355e-11
7.26517e-08
-2.26735e-11
7.26535e-08
-2.32526e-11
7.26561e-08
-2.39728e-11
7.26583e-08
-2.17511e-11
7.26603e-08
-1.99756e-11
7.26609e-08
-1.93548e-11
7.26619e-08
-1.81996e-11
7.26649e-08
-1.662e-11
7.26673e-08
-1.45676e-11
7.26684e-08
-1.31187e-11
7.2671e-08
-1.2547e-11
7.26737e-08
-1.0627e-11
7.26735e-08
-8.10428e-12
7.26748e-08
-8.13442e-12
7.26775e-08
-7.84289e-12
7.26777e-08
-5.4162e-12
7.2679e-08
-5.27253e-12
7.2682e-08
-5.6644e-12
7.26825e-08
-3.16913e-12
7.26839e-08
-3.32742e-12
7.26868e-08
-4.1837e-12
7.26872e-08
-1.35701e-12
7.26875e-08
-7.85892e-13
7.26898e-08
-2.79192e-12
7.26928e-08
-3.13932e-12
7.26964e-08
-3.13966e-12
7.26993e-08
-3.14821e-12
7.27008e-08
-1.9337e-12
7.2701e-08
-4.19092e-13
7.2703e-08
-6.19694e-13
-7.0696e-13
5.01023e-08
2.31119e-14
5.03907e-08
3.72602e-14
5.08595e-08
5.80854e-15
5.14654e-08
-1.67123e-14
5.21702e-08
9.3637e-15
5.29395e-08
1.39506e-15
5.37443e-08
-3.35505e-15
5.45611e-08
-5.68343e-15
5.5373e-08
-6.04486e-15
5.61675e-08
-5.20189e-15
5.69369e-08
-3.7086e-15
5.76765e-08
-1.83386e-15
5.83841e-08
1.75498e-16
5.90589e-08
2.31696e-15
5.97012e-08
4.40053e-15
6.03121e-08
6.46992e-15
6.08932e-08
8.47421e-15
6.14463e-08
1.04607e-14
6.19729e-08
1.23985e-14
6.24744e-08
1.44554e-14
6.29526e-08
1.6754e-14
6.34091e-08
1.94305e-14
6.38453e-08
2.26926e-14
6.42624e-08
2.66969e-14
6.46617e-08
3.15983e-14
6.50441e-08
3.75269e-14
6.54106e-08
4.45855e-14
6.57621e-08
5.28512e-14
6.60993e-08
6.23838e-14
6.6423e-08
7.32342e-14
6.67338e-08
8.54571e-14
6.70323e-08
9.912e-14
6.73191e-08
1.14312e-13
6.75946e-08
1.31148e-13
6.78594e-08
1.49771e-13
6.81139e-08
1.70358e-13
6.83585e-08
1.93115e-13
6.85937e-08
2.18283e-13
6.88198e-08
2.46135e-13
6.90372e-08
2.76977e-13
6.92462e-08
3.11149e-13
6.94472e-08
3.49025e-13
6.96405e-08
3.91013e-13
6.98264e-08
4.37551e-13
7.00052e-08
4.89109e-13
7.01772e-08
5.46188e-13
7.03426e-08
6.09321e-13
7.05016e-08
6.79075e-13
7.06546e-08
7.56057e-13
7.08018e-08
8.40952e-13
7.09434e-08
9.34586e-13
7.10795e-08
1.03803e-12
7.12105e-08
1.15268e-12
7.13364e-08
1.28043e-12
7.14574e-08
1.42378e-12
7.15738e-08
1.58601e-12
7.16855e-08
1.77134e-12
7.17928e-08
1.98494e-12
7.18957e-08
2.23289e-12
7.19944e-08
2.52199e-12
7.20888e-08
2.85938e-12
7.2179e-08
3.25202e-12
7.22651e-08
3.70604e-12
7.2347e-08
4.22599e-12
7.24248e-08
4.81402e-12
7.24983e-08
5.4692e-12
7.25677e-08
6.1869e-12
7.2633e-08
6.95838e-12
7.26941e-08
7.77069e-12
7.27511e-08
8.60689e-12
7.2804e-08
9.44648e-12
7.28531e-08
1.02663e-11
7.28983e-08
1.10416e-11
7.29399e-08
1.17471e-11
7.2978e-08
1.23584e-11
7.3013e-08
1.2853e-11
7.30449e-08
1.32111e-11
7.30742e-08
1.3417e-11
7.3101e-08
1.34592e-11
7.31257e-08
1.33311e-11
7.31485e-08
1.30308e-11
7.31697e-08
1.25613e-11
7.31895e-08
1.19304e-11
7.32082e-08
1.115e-11
7.3226e-08
1.02359e-11
7.3243e-08
9.20652e-12
7.32595e-08
8.08322e-12
7.32755e-08
6.88904e-12
7.32912e-08
5.64824e-12
7.33067e-08
4.38545e-12
7.3322e-08
3.12516e-12
7.33371e-08
1.89105e-12
7.33522e-08
7.05291e-13
7.33673e-08
-4.12411e-13
7.33823e-08
-1.44547e-12
7.33973e-08
-2.38069e-12
7.34122e-08
-3.20845e-12
7.34271e-08
-3.92268e-12
7.34419e-08
-4.52087e-12
7.34566e-08
-5.00351e-12
7.34712e-08
-5.37367e-12
7.34857e-08
-5.63669e-12
7.35001e-08
-5.79981e-12
7.35143e-08
-5.87119e-12
7.35284e-08
-5.85967e-12
7.35423e-08
-5.77508e-12
7.3556e-08
-5.62804e-12
7.35696e-08
-5.42909e-12
7.3583e-08
-5.187e-12
7.35962e-08
-4.90977e-12
7.36093e-08
-4.60225e-12
7.36222e-08
-4.26807e-12
7.3635e-08
-3.90583e-12
7.36476e-08
-3.51534e-12
7.36601e-08
-3.09304e-12
7.36724e-08
-2.63812e-12
7.36846e-08
-2.14712e-12
7.36967e-08
-1.61583e-12
7.37086e-08
-1.05166e-12
7.37204e-08
-4.47693e-13
7.3732e-08
1.857e-13
7.37436e-08
8.54623e-13
7.3755e-08
1.55421e-12
7.37663e-08
2.29392e-12
7.37775e-08
3.08523e-12
7.37886e-08
3.93437e-12
7.37996e-08
4.8873e-12
7.38106e-08
5.92347e-12
7.38216e-08
7.00159e-12
7.38325e-08
8.15908e-12
7.38435e-08
9.37557e-12
7.38544e-08
1.06245e-11
7.38653e-08
1.19077e-11
7.38762e-08
1.31408e-11
7.3887e-08
1.43891e-11
7.38979e-08
1.54818e-11
7.39088e-08
1.65679e-11
7.39196e-08
1.75065e-11
7.39303e-08
1.83058e-11
7.39408e-08
1.91459e-11
7.39511e-08
1.97518e-11
7.39611e-08
2.05236e-11
7.39711e-08
2.09622e-11
7.39809e-08
2.2012e-11
7.39899e-08
2.25554e-11
7.3998e-08
2.31174e-11
7.40064e-08
2.5023e-11
7.40142e-08
2.54895e-11
7.40203e-08
2.49944e-11
7.40283e-08
2.12691e-11
7.40366e-08
1.83996e-11
7.40399e-08
1.7678e-11
7.40421e-08
1.31398e-11
7.40448e-08
7.69534e-12
7.40466e-08
4.37701e-12
7.40477e-08
5.99791e-13
7.40484e-08
-4.16887e-12
7.40497e-08
-8.31114e-12
7.40532e-08
-1.24701e-11
7.4056e-08
-1.47256e-11
7.40561e-08
-1.57599e-11
7.40581e-08
-1.88457e-11
7.40605e-08
-2.05336e-11
7.40615e-08
-2.1913e-11
7.40638e-08
-2.38103e-11
7.40653e-08
-2.45326e-11
7.40645e-08
-2.45295e-11
7.40651e-08
-2.51742e-11
7.40677e-08
-2.61105e-11
7.40697e-08
-2.47347e-11
7.40703e-08
-2.38604e-11
7.40701e-08
-2.37036e-11
7.40711e-08
-2.27788e-11
7.40724e-08
-2.12532e-11
7.40721e-08
-1.90901e-11
7.4072e-08
-1.80714e-11
7.40745e-08
-1.91557e-11
7.40774e-08
-1.74359e-11
7.40792e-08
-1.49467e-11
7.40793e-08
-1.26835e-11
7.4079e-08
-1.02908e-11
7.40812e-08
-1.02664e-11
7.40825e-08
-9.40375e-12
7.40816e-08
-7.02363e-12
7.40833e-08
-7.10113e-12
7.40861e-08
-8.03674e-12
7.4086e-08
-5.52729e-12
7.40879e-08
-5.07981e-12
7.40908e-08
-6.2685e-12
7.40916e-08
-5.00275e-12
7.4094e-08
-3.68726e-12
7.40967e-08
-3.50819e-12
7.40979e-08
-4.03823e-12
7.41002e-08
-5.40694e-12
7.41032e-08
-6.11298e-12
7.41048e-08
-4.7708e-12
7.41059e-08
-2.97556e-12
7.41079e-08
-2.49791e-12
7.41114e-08
-4.09814e-12
-4.13672e-12
5.01023e-08
-1.02313e-10
5.03907e-08
-2.88369e-10
5.08596e-08
-4.68837e-10
5.14655e-08
-6.05914e-10
5.21702e-08
-7.04741e-10
5.29396e-08
-7.69392e-10
5.37443e-08
-8.04744e-10
5.45611e-08
-8.16818e-10
5.5373e-08
-8.1183e-10
5.61675e-08
-7.94572e-10
5.69369e-08
-7.69378e-10
5.76765e-08
-7.39608e-10
5.83841e-08
-7.07593e-10
5.90589e-08
-6.74812e-10
5.97013e-08
-6.42307e-10
6.03121e-08
-6.10887e-10
6.08932e-08
-5.81082e-10
6.14463e-08
-5.53074e-10
6.19729e-08
-5.26524e-10
6.24744e-08
-5.01491e-10
6.29526e-08
-4.7825e-10
6.34091e-08
-4.56502e-10
6.38453e-08
-4.36144e-10
6.42624e-08
-4.17087e-10
6.46617e-08
-3.992e-10
6.50441e-08
-3.82364e-10
6.54106e-08
-3.66475e-10
6.57621e-08
-3.51441e-10
6.60993e-08
-3.37182e-10
6.6423e-08
-3.23628e-10
6.67338e-08
-3.10721e-10
6.70323e-08
-2.9841e-10
6.73191e-08
-2.86651e-10
6.75946e-08
-2.75406e-10
6.78594e-08
-2.64642e-10
6.81139e-08
-2.5433e-10
6.83586e-08
-2.44443e-10
6.85937e-08
-2.3496e-10
6.88199e-08
-2.25859e-10
6.90373e-08
-2.17121e-10
6.92463e-08
-2.0873e-10
6.94473e-08
-2.00668e-10
6.96406e-08
-1.92922e-10
6.98265e-08
-1.85475e-10
7.00053e-08
-1.78315e-10
7.01773e-08
-1.71429e-10
7.03427e-08
-1.64803e-10
7.05018e-08
-1.58427e-10
7.06549e-08
-1.52286e-10
7.08021e-08
-1.4637e-10
7.09437e-08
-1.40666e-10
7.10799e-08
-1.3516e-10
7.12109e-08
-1.29839e-10
7.13369e-08
-1.24688e-10
7.1458e-08
-1.19691e-10
7.15744e-08
-1.14827e-10
7.16862e-08
-1.10078e-10
7.17936e-08
-1.05419e-10
7.18967e-08
-1.00826e-10
7.19955e-08
-9.62731e-11
7.20901e-08
-9.17334e-11
7.21805e-08
-8.71817e-11
7.22668e-08
-8.25951e-11
7.2349e-08
-7.79556e-11
7.24271e-08
-7.32513e-11
7.25011e-08
-6.84786e-11
7.25709e-08
-6.36436e-11
7.26366e-08
-5.87624e-11
7.26982e-08
-5.38619e-11
7.27558e-08
-4.8979e-11
7.28094e-08
-4.41591e-11
7.28592e-08
-3.94541e-11
7.29051e-08
-3.49197e-11
7.29475e-08
-3.06127e-11
7.29864e-08
-2.65875e-11
7.30222e-08
-2.28937e-11
7.3055e-08
-1.95736e-11
7.3085e-08
-1.66599e-11
7.31127e-08
-1.41745e-11
7.31381e-08
-1.21278e-11
7.31617e-08
-1.0519e-11
7.31836e-08
-9.33641e-12
7.32041e-08
-8.55862e-12
7.32234e-08
-8.15575e-12
7.32417e-08
-8.09127e-12
7.32592e-08
-8.3238e-12
7.32761e-08
-8.80863e-12
7.32925e-08
-9.49925e-12
7.33085e-08
-1.03489e-11
7.33242e-08
-1.1312e-11
7.33397e-08
-1.23447e-11
7.3355e-08
-1.34063e-11
7.33701e-08
-1.44598e-11
7.33852e-08
-1.54728e-11
7.34002e-08
-1.64181e-11
7.34151e-08
-1.72733e-11
7.34299e-08
-1.80217e-11
7.34446e-08
-1.86514e-11
7.34592e-08
-1.9156e-11
7.34738e-08
-1.95332e-11
7.34882e-08
-1.97849e-11
7.35025e-08
-1.99162e-11
7.35166e-08
-1.99348e-11
7.35306e-08
-1.98502e-11
7.35444e-08
-1.96736e-11
7.3558e-08
-1.94177e-11
7.35715e-08
-1.90958e-11
7.35848e-08
-1.87209e-11
7.35979e-08
-1.83047e-11
7.36109e-08
-1.7857e-11
7.36236e-08
-1.73846e-11
7.36363e-08
-1.68921e-11
7.36487e-08
-1.63799e-11
7.36611e-08
-1.58479e-11
7.36733e-08
-1.52931e-11
7.36854e-08
-1.47121e-11
7.36973e-08
-1.41016e-11
7.37091e-08
-1.34575e-11
7.37209e-08
-1.27853e-11
7.37325e-08
-1.20826e-11
7.37441e-08
-1.1355e-11
7.37555e-08
-1.06012e-11
7.37669e-08
-9.82143e-12
7.37782e-08
-9.01455e-12
7.37894e-08
-8.16698e-12
7.38006e-08
-7.26954e-12
7.38118e-08
-6.31221e-12
7.3823e-08
-5.28261e-12
7.38343e-08
-4.21432e-12
7.38455e-08
-3.07153e-12
7.38567e-08
-1.88127e-12
7.3868e-08
-6.56535e-13
7.38793e-08
6.03719e-13
7.38906e-08
1.81079e-12
7.3902e-08
3.0411e-12
7.39133e-08
4.1739e-12
7.39246e-08
5.28436e-12
7.39358e-08
6.30444e-12
7.39468e-08
7.2428e-12
7.39578e-08
8.22991e-12
7.39684e-08
9.11813e-12
7.39788e-08
1.00688e-11
7.39891e-08
1.07594e-11
7.39992e-08
1.1879e-11
7.40089e-08
1.2819e-11
7.40183e-08
1.38053e-11
7.4028e-08
1.5243e-11
7.40381e-08
1.54546e-11
7.40469e-08
1.61579e-11
7.40543e-08
1.38306e-11
7.4062e-08
1.07033e-11
7.40701e-08
9.59141e-12
7.40763e-08
6.99105e-12
7.40794e-08
4.65776e-12
7.4081e-08
2.74765e-12
7.40816e-08
7.744e-14
7.40818e-08
-4.39005e-12
7.4082e-08
-8.50869e-12
7.40817e-08
-1.22204e-11
7.4083e-08
-1.60798e-11
7.40853e-08
-1.81502e-11
7.40867e-08
-2.02711e-11
7.4088e-08
-2.17385e-11
7.40888e-08
-2.26936e-11
7.40909e-08
-2.59693e-11
7.40926e-08
-2.61459e-11
7.40918e-08
-2.36591e-11
7.40899e-08
-2.335e-11
7.4088e-08
-2.41993e-11
7.40887e-08
-2.54412e-11
7.40899e-08
-2.51099e-11
7.40897e-08
-2.34337e-11
7.40899e-08
-2.2954e-11
7.4091e-08
-2.24067e-11
7.40922e-08
-2.03145e-11
7.4092e-08
-1.78193e-11
7.40888e-08
-1.59482e-11
7.4088e-08
-1.67107e-11
7.40886e-08
-1.55675e-11
7.4089e-08
-1.29913e-11
7.4091e-08
-1.23095e-11
7.40922e-08
-1.14253e-11
7.40917e-08
-8.98624e-12
7.40932e-08
-8.41636e-12
7.40955e-08
-9.40307e-12
7.4095e-08
-7.53485e-12
7.40965e-08
-7.06104e-12
7.40988e-08
-7.3976e-12
7.40983e-08
-5.78624e-12
7.40993e-08
-6.00147e-12
7.41024e-08
-6.80388e-12
7.41058e-08
-6.91125e-12
7.41085e-08
-6.74517e-12
7.41101e-08
-7.03611e-12
7.41106e-08
-6.5408e-12
7.41118e-08
-5.91449e-12
7.41154e-08
-6.57813e-12
7.41195e-08
-6.61374e-12
7.4121e-08
-5.5997e-12
-5.53902e-12
5.01067e-08
-2.08984e-10
5.04359e-08
-6.17669e-10
5.09424e-08
-9.75343e-10
5.15892e-08
-1.25268e-09
5.23343e-08
-1.4499e-09
5.3141e-08
-1.57606e-09
5.39779e-08
-1.64168e-09
5.48213e-08
-1.66014e-09
5.56538e-08
-1.64439e-09
5.64633e-08
-1.60404e-09
5.72423e-08
-1.54836e-09
5.79866e-08
-1.48386e-09
5.86938e-08
-1.41488e-09
5.93634e-08
-1.34434e-09
5.99958e-08
-1.27473e-09
6.05927e-08
-1.2078e-09
6.11562e-08
-1.14455e-09
6.16882e-08
-1.08514e-09
6.21902e-08
-1.02851e-09
6.26643e-08
-9.75523e-10
6.31125e-08
-9.26467e-10
6.35369e-08
-8.80909e-10
6.39393e-08
-8.38574e-10
6.43214e-08
-7.99129e-10
6.46844e-08
-7.62273e-10
6.50298e-08
-7.27751e-10
6.53587e-08
-6.95336e-10
6.56721e-08
-6.64831e-10
6.59709e-08
-6.3606e-10
6.62562e-08
-6.08869e-10
6.65286e-08
-5.83124e-10
6.67889e-08
-5.58707e-10
6.70378e-08
-5.35517e-10
6.72758e-08
-5.13461e-10
6.75036e-08
-4.9246e-10
6.77217e-08
-4.72443e-10
6.79306e-08
-4.53347e-10
6.81308e-08
-4.35116e-10
6.83226e-08
-4.17697e-10
6.85066e-08
-4.01045e-10
6.86829e-08
-3.85116e-10
6.88522e-08
-3.69872e-10
6.90145e-08
-3.55277e-10
6.91703e-08
-3.41295e-10
6.93199e-08
-3.27897e-10
6.94635e-08
-3.15052e-10
6.96015e-08
-3.02731e-10
6.97339e-08
-2.90908e-10
6.98612e-08
-2.79557e-10
6.99835e-08
-2.68652e-10
7.0101e-08
-2.58168e-10
7.02139e-08
-2.48079e-10
7.03224e-08
-2.38359e-10
7.04267e-08
-2.28979e-10
7.0527e-08
-2.19911e-10
7.06232e-08
-2.11122e-10
7.07158e-08
-2.02576e-10
7.08046e-08
-1.94236e-10
7.08898e-08
-1.86061e-10
7.09715e-08
-1.78007e-10
7.10498e-08
-1.70033e-10
7.11248e-08
-1.62097e-10
7.11963e-08
-1.54161e-10
7.12646e-08
-1.46195e-10
7.13295e-08
-1.38176e-10
7.13911e-08
-1.30095e-10
7.14494e-08
-1.21956e-10
7.15045e-08
-1.13777e-10
7.15562e-08
-1.05594e-10
7.16047e-08
-9.74559e-11
7.16499e-08
-8.94256e-11
7.16921e-08
-8.15757e-11
7.17311e-08
-7.3985e-11
7.17673e-08
-6.67345e-11
7.18006e-08
-5.99028e-11
7.18312e-08
-5.35616e-11
7.18594e-08
-4.77725e-11
7.18854e-08
-4.25832e-11
7.19092e-08
-3.80261e-11
7.19312e-08
-3.41171e-11
7.19515e-08
-3.08553e-11
7.19704e-08
-2.82243e-11
7.19881e-08
-2.61937e-11
7.20046e-08
-2.47209e-11
7.20203e-08
-2.37542e-11
7.20352e-08
-2.32351e-11
7.20495e-08
-2.3101e-11
7.20633e-08
-2.32871e-11
7.20766e-08
-2.37295e-11
7.20897e-08
-2.43655e-11
7.21025e-08
-2.51367e-11
7.21151e-08
-2.59885e-11
7.21275e-08
-2.68724e-11
7.21398e-08
-2.77454e-11
7.21519e-08
-2.85716e-11
7.2164e-08
-2.93208e-11
7.21759e-08
-2.99701e-11
7.21878e-08
-3.05024e-11
7.21995e-08
-3.09075e-11
7.22112e-08
-3.11802e-11
7.22227e-08
-3.13211e-11
7.22341e-08
-3.13337e-11
7.22454e-08
-3.12256e-11
7.22566e-08
-3.10066e-11
7.22676e-08
-3.06896e-11
7.22785e-08
-3.02885e-11
7.22892e-08
-2.98188e-11
7.22998e-08
-2.92953e-11
7.23102e-08
-2.8732e-11
7.23205e-08
-2.81407e-11
7.23306e-08
-2.75304e-11
7.23406e-08
-2.69074e-11
7.23505e-08
-2.62746e-11
7.23603e-08
-2.56329e-11
7.237e-08
-2.49801e-11
7.23796e-08
-2.43115e-11
7.23891e-08
-2.36238e-11
7.23986e-08
-2.29132e-11
7.2408e-08
-2.21833e-11
7.24173e-08
-2.14328e-11
7.24266e-08
-2.0665e-11
7.24359e-08
-1.98817e-11
7.24452e-08
-1.90825e-11
7.24544e-08
-1.82672e-11
7.24637e-08
-1.74268e-11
7.2473e-08
-1.65509e-11
7.24823e-08
-1.56393e-11
7.24917e-08
-1.46738e-11
7.25011e-08
-1.36736e-11
7.25107e-08
-1.26078e-11
7.25203e-08
-1.14999e-11
7.253e-08
-1.03605e-11
7.25398e-08
-9.18935e-12
7.25496e-08
-8.03837e-12
7.25595e-08
-6.86848e-12
7.25695e-08
-5.74669e-12
7.25794e-08
-4.6457e-12
7.25893e-08
-3.57168e-12
7.2599e-08
-2.53489e-12
7.26087e-08
-1.43587e-12
7.26182e-08
-3.88084e-13
7.26276e-08
6.37817e-13
7.26368e-08
1.63286e-12
7.26459e-08
2.72052e-12
7.2655e-08
3.74227e-12
7.2664e-08
4.82367e-12
7.26732e-08
6.06221e-12
7.26824e-08
6.25276e-12
7.26932e-08
5.35814e-12
7.2702e-08
5.01094e-12
7.27063e-08
6.37869e-12
7.27113e-08
4.67139e-12
7.27149e-08
3.43561e-12
7.27157e-08
3.80376e-12
7.27179e-08
5.78767e-13
7.27206e-08
-2.57868e-12
7.27206e-08
-4.442e-12
7.27194e-08
-7.34632e-12
7.2718e-08
-1.08303e-11
7.27163e-08
-1.44167e-11
7.27157e-08
-1.75323e-11
7.27149e-08
-1.95691e-11
7.27152e-08
-2.19737e-11
7.27158e-08
-2.32936e-11
7.27142e-08
-2.43369e-11
7.27141e-08
-2.59334e-11
7.27159e-08
-2.54327e-11
7.27163e-08
-2.37531e-11
7.27158e-08
-2.37732e-11
7.27146e-08
-2.42728e-11
7.27129e-08
-2.34279e-11
7.27111e-08
-2.16239e-11
7.271e-08
-2.17908e-11
7.27083e-08
-2.07335e-11
7.27059e-08
-1.79462e-11
7.27056e-08
-1.74386e-11
7.27069e-08
-1.72698e-11
7.27062e-08
-1.60614e-11
7.2705e-08
-1.43933e-11
7.2706e-08
-1.39786e-11
7.27074e-08
-1.37073e-11
7.27068e-08
-1.08014e-11
7.27073e-08
-9.50078e-12
7.27086e-08
-9.66399e-12
7.27077e-08
-8.47772e-12
7.2708e-08
-7.8766e-12
7.27082e-08
-7.21029e-12
7.27086e-08
-7.78377e-12
7.27106e-08
-7.86407e-12
7.27119e-08
-7.23917e-12
7.27134e-08
-8.29892e-12
7.27152e-08
-8.77292e-12
7.27166e-08
-8.18601e-12
7.27172e-08
-7.64501e-12
7.27175e-08
-6.80515e-12
7.27182e-08
-6.56202e-12
7.27184e-08
-6.78971e-12
7.27194e-08
-7.59799e-12
7.27225e-08
-8.66306e-12
-8.84698e-12
5.01302e-08
-3.39146e-10
5.05199e-08
-1.00746e-09
5.11143e-08
-1.56974e-09
5.18535e-08
-1.99184e-09
5.26875e-08
-2.28394e-09
5.35736e-08
-2.46215e-09
5.44767e-08
-2.54478e-09
5.53721e-08
-2.55553e-09
5.62414e-08
-2.51367e-09
5.70716e-08
-2.43422e-09
5.78573e-08
-2.33409e-09
5.85955e-08
-2.222e-09
5.92841e-08
-2.10351e-09
5.99252e-08
-1.98538e-09
6.05193e-08
-1.86883e-09
6.10682e-08
-1.75678e-09
6.15748e-08
-1.65108e-09
6.20419e-08
-1.55231e-09
6.24746e-08
-1.4612e-09
6.28767e-08
-1.37761e-09
6.32506e-08
-1.30036e-09
6.35987e-08
-1.22905e-09
6.39233e-08
-1.16314e-09
6.42263e-08
-1.10213e-09
6.45096e-08
-1.04556e-09
6.47749e-08
-9.93019e-10
6.50236e-08
-9.44109e-10
6.52573e-08
-8.98487e-10
6.54771e-08
-8.55843e-10
6.56841e-08
-8.15899e-10
6.58794e-08
-7.78409e-10
6.60639e-08
-7.43158e-10
6.62383e-08
-7.09952e-10
6.64035e-08
-6.78623e-10
6.656e-08
-6.49019e-10
6.67086e-08
-6.21007e-10
6.68497e-08
-5.94467e-10
6.69839e-08
-5.69293e-10
6.71116e-08
-5.45389e-10
6.72332e-08
-5.22668e-10
6.73491e-08
-5.01052e-10
6.74597e-08
-4.8047e-10
6.75653e-08
-4.60856e-10
6.76662e-08
-4.42152e-10
6.77626e-08
-4.24302e-10
6.78548e-08
-4.07255e-10
6.7943e-08
-3.90965e-10
6.80275e-08
-3.75387e-10
6.81084e-08
-3.60479e-10
6.8186e-08
-3.46202e-10
6.82603e-08
-3.32517e-10
6.83316e-08
-3.19387e-10
6.84e-08
-3.06773e-10
6.84657e-08
-2.94637e-10
6.85287e-08
-2.82939e-10
6.85892e-08
-2.71637e-10
6.86473e-08
-2.60684e-10
6.87031e-08
-2.50033e-10
6.87567e-08
-2.39632e-10
6.88081e-08
-2.29427e-10
6.88575e-08
-2.19365e-10
6.89048e-08
-2.09394e-10
6.89501e-08
-1.99464e-10
6.89934e-08
-1.89533e-10
6.90348e-08
-1.79572e-10
6.90743e-08
-1.69561e-10
6.91118e-08
-1.59498e-10
6.91475e-08
-1.49399e-10
6.91812e-08
-1.39299e-10
6.9213e-08
-1.29248e-10
6.92429e-08
-1.19316e-10
6.92709e-08
-1.09583e-10
6.9297e-08
-1.00139e-10
6.93214e-08
-9.1079e-11
6.9344e-08
-8.24946e-11
6.93649e-08
-7.44721e-11
6.93842e-08
-6.70863e-11
6.9402e-08
-6.03971e-11
6.94184e-08
-5.44465e-11
6.94336e-08
-4.92574e-11
6.94475e-08
-4.48329e-11
6.94605e-08
-4.11577e-11
6.94725e-08
-3.81992e-11
6.94837e-08
-3.59107e-11
6.94941e-08
-3.42337e-11
6.9504e-08
-3.31018e-11
6.95133e-08
-3.24428e-11
6.95222e-08
-3.21827e-11
6.95308e-08
-3.22476e-11
6.9539e-08
-3.25659e-11
6.95469e-08
-3.30699e-11
6.95546e-08
-3.36975e-11
6.95621e-08
-3.43927e-11
6.95695e-08
-3.51066e-11
6.95767e-08
-3.5797e-11
6.95838e-08
-3.6429e-11
6.95908e-08
-3.69748e-11
6.95977e-08
-3.74136e-11
6.96046e-08
-3.77319e-11
6.96113e-08
-3.79223e-11
6.9618e-08
-3.79826e-11
6.96246e-08
-3.7915e-11
6.96311e-08
-3.77254e-11
6.96375e-08
-3.74232e-11
6.96438e-08
-3.70211e-11
6.96501e-08
-3.65337e-11
6.96562e-08
-3.59764e-11
6.96623e-08
-3.53652e-11
6.96683e-08
-3.47151e-11
6.96742e-08
-3.40397e-11
6.968e-08
-3.33494e-11
6.96857e-08
-3.26526e-11
6.96914e-08
-3.1955e-11
6.9697e-08
-3.1259e-11
6.97026e-08
-3.05633e-11
6.97082e-08
-2.98638e-11
6.97137e-08
-2.91569e-11
6.97192e-08
-2.84398e-11
6.97248e-08
-2.7713e-11
6.97303e-08
-2.6976e-11
6.97359e-08
-2.62308e-11
6.97415e-08
-2.54812e-11
6.97471e-08
-2.47264e-11
6.97528e-08
-2.39669e-11
6.97586e-08
-2.31976e-11
6.97644e-08
-2.24103e-11
6.97704e-08
-2.16041e-11
6.97765e-08
-2.07635e-11
6.97827e-08
-1.98945e-11
6.97891e-08
-1.89708e-11
6.97956e-08
-1.80084e-11
6.98022e-08
-1.70122e-11
6.9809e-08
-1.59856e-11
6.98159e-08
-1.49525e-11
6.9823e-08
-1.39042e-11
6.98301e-08
-1.28699e-11
6.98373e-08
-1.18425e-11
6.98445e-08
-1.08062e-11
6.98517e-08
-9.77258e-12
6.9859e-08
-8.70059e-12
6.98662e-08
-7.61758e-12
6.98734e-08
-6.56805e-12
6.98805e-08
-5.42796e-12
6.98876e-08
-4.37768e-12
6.98946e-08
-3.24782e-12
6.99016e-08
-2.11354e-12
6.99088e-08
-1.1411e-12
6.99156e-08
-5.5967e-13
6.99216e-08
-7.04907e-13
6.99271e-08
-4.02909e-13
6.99325e-08
9.5639e-13
6.99352e-08
1.99281e-12
6.99356e-08
3.05551e-12
6.99366e-08
2.83675e-12
6.99358e-08
1.30593e-12
6.99346e-08
-1.31191e-12
6.99339e-08
-3.74955e-12
6.99331e-08
-6.57169e-12
6.99323e-08
-1.01034e-11
6.99318e-08
-1.39441e-11
6.9931e-08
-1.67192e-11
6.99299e-08
-1.85207e-11
6.99287e-08
-2.07562e-11
6.99265e-08
-2.10516e-11
6.99235e-08
-2.1294e-11
6.99201e-08
-2.2536e-11
6.99185e-08
-2.37789e-11
6.99184e-08
-2.36497e-11
6.99172e-08
-2.26547e-11
6.9915e-08
-2.20202e-11
6.99128e-08
-2.12858e-11
6.99115e-08
-2.02814e-11
6.99095e-08
-1.98255e-11
6.99074e-08
-1.85478e-11
6.99064e-08
-1.70269e-11
6.99058e-08
-1.68214e-11
6.99047e-08
-1.61984e-11
6.99034e-08
-1.47467e-11
6.99024e-08
-1.34503e-11
6.99012e-08
-1.27159e-11
6.98992e-08
-1.17176e-11
6.98994e-08
-1.1034e-11
6.99003e-08
-1.03313e-11
6.98998e-08
-9.17701e-12
6.98994e-08
-8.03369e-12
6.98997e-08
-8.16049e-12
6.99007e-08
-8.24437e-12
6.99008e-08
-7.92456e-12
6.99007e-08
-7.76982e-12
6.99014e-08
-7.87985e-12
6.99013e-08
-8.26325e-12
6.99009e-08
-8.40045e-12
6.99003e-08
-7.58418e-12
6.99005e-08
-7.77283e-12
6.99016e-08
-7.93191e-12
6.99026e-08
-7.51099e-12
6.99041e-08
-8.31754e-12
6.99052e-08
-8.71464e-12
6.9906e-08
-9.39948e-12
-9.74455e-12
5.01739e-08
-5.13096e-10
5.0681e-08
-1.51455e-09
5.1427e-08
-2.31568e-09
5.23214e-08
-2.88631e-09
5.33016e-08
-3.2641e-09
5.431e-08
-3.47058e-09
5.53039e-08
-3.53862e-09
5.62583e-08
-3.50993e-09
5.71532e-08
-3.40857e-09
5.798e-08
-3.26103e-09
5.87338e-08
-3.08793e-09
5.94081e-08
-2.89623e-09
6.00076e-08
-2.70306e-09
6.05391e-08
-2.51689e-09
6.10116e-08
-2.34128e-09
6.1433e-08
-2.17823e-09
6.1809e-08
-2.02709e-09
6.21444e-08
-1.88771e-09
6.24438e-08
-1.7606e-09
6.27108e-08
-1.64454e-09
6.29489e-08
-1.53845e-09
6.31615e-08
-1.44166e-09
6.33516e-08
-1.35328e-09
6.35219e-08
-1.27249e-09
6.36749e-08
-1.19853e-09
6.38126e-08
-1.13068e-09
6.39368e-08
-1.06829e-09
6.40491e-08
-1.0108e-09
6.41509e-08
-9.5767e-10
6.42434e-08
-9.08461e-10
6.43278e-08
-8.6277e-10
6.44049e-08
-8.20243e-10
6.44755e-08
-7.80573e-10
6.45404e-08
-7.43487e-10
6.46001e-08
-7.08748e-10
6.46553e-08
-6.76144e-10
6.47063e-08
-6.45491e-10
6.47536e-08
-6.16623e-10
6.47976e-08
-5.89394e-10
6.48386e-08
-5.63675e-10
6.48769e-08
-5.39349e-10
6.49128e-08
-5.16313e-10
6.49464e-08
-4.9447e-10
6.4978e-08
-4.73739e-10
6.50077e-08
-4.5404e-10
6.50358e-08
-4.35304e-10
6.50623e-08
-4.17468e-10
6.50873e-08
-4.00471e-10
6.51111e-08
-3.84261e-10
6.51337e-08
-3.68785e-10
6.51552e-08
-3.53995e-10
6.51756e-08
-3.39847e-10
6.51952e-08
-3.26294e-10
6.52138e-08
-3.13293e-10
6.52317e-08
-3.00798e-10
6.52488e-08
-2.88762e-10
6.52653e-08
-2.77137e-10
6.52811e-08
-2.6587e-10
6.52964e-08
-2.54907e-10
6.53112e-08
-2.44191e-10
6.53255e-08
-2.33666e-10
6.53393e-08
-2.23273e-10
6.53528e-08
-2.12959e-10
6.5366e-08
-2.02676e-10
6.53788e-08
-1.92385e-10
6.53913e-08
-1.8206e-10
6.54035e-08
-1.71692e-10
6.54154e-08
-1.61285e-10
6.5427e-08
-1.50866e-10
6.54382e-08
-1.40479e-10
6.54491e-08
-1.30186e-10
6.54596e-08
-1.20064e-10
6.54696e-08
-1.102e-10
6.54792e-08
-1.00688e-10
6.54884e-08
-9.16235e-11
6.5497e-08
-8.30956e-11
6.55051e-08
-7.51852e-11
6.55126e-08
-6.79593e-11
6.55197e-08
-6.14671e-11
6.55261e-08
-5.57394e-11
6.55321e-08
-5.07862e-11
6.55375e-08
-4.65991e-11
6.55425e-08
-4.31502e-11
6.5547e-08
-4.03982e-11
6.5551e-08
-3.82864e-11
6.55547e-08
-3.67515e-11
6.55579e-08
-3.5721e-11
6.55609e-08
-3.51226e-11
6.55635e-08
-3.48803e-11
6.55659e-08
-3.49232e-11
6.5568e-08
-3.51809e-11
6.55699e-08
-3.55918e-11
6.55716e-08
-3.60967e-11
6.55731e-08
-3.66469e-11
6.55745e-08
-3.71967e-11
6.55758e-08
-3.77111e-11
6.5577e-08
-3.81585e-11
6.55781e-08
-3.85178e-11
6.55792e-08
-3.87719e-11
6.55801e-08
-3.89125e-11
6.55811e-08
-3.8934e-11
6.5582e-08
-3.88376e-11
6.55829e-08
-3.86258e-11
6.55838e-08
-3.83079e-11
6.55847e-08
-3.78934e-11
6.55855e-08
-3.73972e-11
6.55864e-08
-3.68324e-11
6.55873e-08
-3.62155e-11
6.55881e-08
-3.55599e-11
6.55889e-08
-3.48808e-11
6.55898e-08
-3.41883e-11
6.55906e-08
-3.34938e-11
6.55915e-08
-3.28035e-11
6.55923e-08
-3.21226e-11
6.55932e-08
-3.14498e-11
6.55941e-08
-3.07838e-11
6.55951e-08
-3.01205e-11
6.55961e-08
-2.94585e-11
6.55972e-08
-2.87954e-11
6.55983e-08
-2.81316e-11
6.55996e-08
-2.74674e-11
6.56009e-08
-2.6808e-11
6.56023e-08
-2.61527e-11
6.56039e-08
-2.55036e-11
6.56055e-08
-2.48565e-11
6.56073e-08
-2.42082e-11
6.56093e-08
-2.35559e-11
6.56114e-08
-2.2889e-11
6.56137e-08
-2.22048e-11
6.56162e-08
-2.14811e-11
6.56189e-08
-2.07253e-11
6.56218e-08
-1.99358e-11
6.5625e-08
-1.91154e-11
6.56283e-08
-1.82767e-11
6.56318e-08
-1.74251e-11
6.56355e-08
-1.65681e-11
6.56394e-08
-1.57083e-11
6.56434e-08
-1.48296e-11
6.56476e-08
-1.39347e-11
6.56519e-08
-1.30143e-11
6.56563e-08
-1.204e-11
6.56608e-08
-1.11007e-11
6.56654e-08
-9.97913e-12
6.56699e-08
-8.92128e-12
6.56745e-08
-7.80128e-12
6.56789e-08
-6.54759e-12
6.56832e-08
-5.38987e-12
6.56871e-08
-4.43666e-12
6.56903e-08
-3.9808e-12
6.56933e-08
-3.39282e-12
6.56959e-08
-1.63325e-12
6.56978e-08
1.66276e-13
6.56992e-08
1.59253e-12
6.57001e-08
1.97787e-12
6.56998e-08
1.67734e-12
6.56983e-08
1.80186e-13
6.56964e-08
-1.88608e-12
6.56942e-08
-4.34703e-12
6.56915e-08
-7.46591e-12
6.56884e-08
-1.08742e-11
6.56853e-08
-1.36833e-11
6.56822e-08
-1.53704e-11
6.56785e-08
-1.70341e-11
6.56753e-08
-1.78626e-11
6.56725e-08
-1.84695e-11
6.56692e-08
-1.92095e-11
6.56652e-08
-1.97555e-11
6.56612e-08
-1.96853e-11
6.56578e-08
-1.92461e-11
6.56546e-08
-1.88414e-11
6.56517e-08
-1.83735e-11
6.56491e-08
-1.77547e-11
6.56465e-08
-1.71949e-11
6.56443e-08
-1.62938e-11
6.56425e-08
-1.52298e-11
6.56402e-08
-1.45894e-11
6.56379e-08
-1.38861e-11
6.56361e-08
-1.29208e-11
6.56347e-08
-1.20765e-11
6.56334e-08
-1.1471e-11
6.56324e-08
-1.06607e-11
6.56316e-08
-1.01944e-11
6.5631e-08
-9.70894e-12
6.56306e-08
-8.76186e-12
6.56301e-08
-7.56847e-12
6.56289e-08
-6.93792e-12
6.56275e-08
-6.88289e-12
6.5627e-08
-7.3907e-12
6.56269e-08
-7.66272e-12
6.56269e-08
-7.86541e-12
6.56266e-08
-7.97698e-12
6.5626e-08
-7.84889e-12
6.56259e-08
-7.44759e-12
6.56255e-08
-7.43213e-12
6.56253e-08
-7.663e-12
6.56253e-08
-7.56092e-12
6.56247e-08
-7.69989e-12
6.56241e-08
-8.1056e-12
6.5624e-08
-9.28968e-12
-9.48616e-12
5.02586e-08
-7.7164e-10
5.09783e-08
-2.23433e-09
5.19746e-08
-3.31198e-09
5.31019e-08
-4.01359e-09
5.42799e-08
-4.44214e-09
5.54288e-08
-4.61946e-09
5.65005e-08
-4.61028e-09
5.74471e-08
-4.45656e-09
5.82554e-08
-4.21684e-09
5.89322e-08
-3.93785e-09
5.94904e-08
-3.64611e-09
5.99531e-08
-3.35893e-09
6.03343e-08
-3.08419e-09
6.06427e-08
-2.8253e-09
6.08887e-08
-2.58727e-09
6.10805e-08
-2.37008e-09
6.12269e-08
-2.17351e-09
6.13359e-08
-1.99664e-09
6.14135e-08
-1.8382e-09
6.14652e-08
-1.69632e-09
6.1496e-08
-1.56925e-09
6.15098e-08
-1.45542e-09
6.15098e-08
-1.35331e-09
6.14989e-08
-1.26153e-09
6.14792e-08
-1.17883e-09
6.14526e-08
-1.10408e-09
6.14206e-08
-1.03632e-09
6.13845e-08
-9.74694e-10
6.13453e-08
-9.18464e-10
6.13038e-08
-8.6699e-10
6.12608e-08
-8.19718e-10
6.12167e-08
-7.7617e-10
6.11721e-08
-7.35935e-10
6.11272e-08
-6.98654e-10
6.10825e-08
-6.64019e-10
6.10381e-08
-6.31761e-10
6.09943e-08
-6.01646e-10
6.09511e-08
-5.73471e-10
6.09088e-08
-5.47056e-10
6.08674e-08
-5.22244e-10
6.08269e-08
-4.98898e-10
6.07875e-08
-4.76893e-10
6.07491e-08
-4.5612e-10
6.07119e-08
-4.36484e-10
6.06757e-08
-4.17896e-10
6.06407e-08
-4.00278e-10
6.06068e-08
-3.83559e-10
6.0574e-08
-3.67676e-10
6.05423e-08
-3.5257e-10
6.05117e-08
-3.38187e-10
6.04822e-08
-3.24478e-10
6.04538e-08
-3.11396e-10
6.04264e-08
-2.98896e-10
6.04e-08
-2.86935e-10
6.03747e-08
-2.7547e-10
6.03504e-08
-2.64458e-10
6.03271e-08
-2.53854e-10
6.03048e-08
-2.4361e-10
6.02836e-08
-2.33678e-10
6.02634e-08
-2.24005e-10
6.02443e-08
-2.14539e-10
6.02263e-08
-2.05225e-10
6.02093e-08
-1.96013e-10
6.01935e-08
-1.86854e-10
6.01788e-08
-1.77706e-10
6.01653e-08
-1.68539e-10
6.0153e-08
-1.59334e-10
6.01418e-08
-1.50087e-10
6.01317e-08
-1.40811e-10
6.01228e-08
-1.31536e-10
6.01149e-08
-1.22308e-10
6.0108e-08
-1.13191e-10
6.01021e-08
-1.04257e-10
6.0097e-08
-9.55889e-11
6.00926e-08
-8.72711e-11
6.00889e-08
-7.93874e-11
6.00857e-08
-7.20156e-11
6.0083e-08
-6.52218e-11
6.00806e-08
-5.90594e-11
6.00784e-08
-5.35637e-11
6.00764e-08
-4.87541e-11
6.00744e-08
-4.46296e-11
6.00724e-08
-4.11753e-11
6.00704e-08
-3.8358e-11
6.00682e-08
-3.6135e-11
6.00659e-08
-3.44506e-11
6.00635e-08
-3.32456e-11
6.00608e-08
-3.24533e-11
6.00579e-08
-3.20095e-11
6.00549e-08
-3.18473e-11
6.00516e-08
-3.19062e-11
6.00481e-08
-3.21265e-11
6.00445e-08
-3.2457e-11
6.00407e-08
-3.28491e-11
6.00368e-08
-3.32633e-11
6.00327e-08
-3.36628e-11
6.00286e-08
-3.40204e-11
6.00244e-08
-3.4312e-11
6.00201e-08
-3.4523e-11
6.00159e-08
-3.46411e-11
6.00116e-08
-3.46618e-11
6.00073e-08
-3.45812e-11
6.00031e-08
-3.44024e-11
5.99989e-08
-3.41294e-11
5.99948e-08
-3.37721e-11
5.99908e-08
-3.33399e-11
5.99868e-08
-3.28464e-11
5.99829e-08
-3.23032e-11
5.9979e-08
-3.17246e-11
5.99753e-08
-3.11218e-11
5.99716e-08
-3.05076e-11
5.9968e-08
-2.98911e-11
5.99645e-08
-2.92817e-11
5.9961e-08
-2.8683e-11
5.99577e-08
-2.80975e-11
5.99544e-08
-2.75231e-11
5.99512e-08
-2.69598e-11
5.99482e-08
-2.64039e-11
5.99452e-08
-2.58545e-11
5.99424e-08
-2.53093e-11
5.99397e-08
-2.47708e-11
5.99372e-08
-2.42408e-11
5.99347e-08
-2.37216e-11
5.99324e-08
-2.32133e-11
5.99303e-08
-2.27167e-11
5.99283e-08
-2.22302e-11
5.99265e-08
-2.1754e-11
5.99249e-08
-2.12794e-11
5.99235e-08
-2.08023e-11
5.99223e-08
-2.03018e-11
5.99214e-08
-1.97799e-11
5.99206e-08
-1.92301e-11
5.99202e-08
-1.86565e-11
5.992e-08
-1.8061e-11
5.992e-08
-1.74531e-11
5.99203e-08
-1.68329e-11
5.99208e-08
-1.62154e-11
5.99215e-08
-1.55821e-11
5.99225e-08
-1.49319e-11
5.99237e-08
-1.42538e-11
5.99252e-08
-1.35233e-11
5.9927e-08
-1.28561e-11
5.9929e-08
-1.1958e-11
5.99311e-08
-1.10149e-11
5.99333e-08
-1.00528e-11
5.99355e-08
-8.67838e-12
5.99373e-08
-7.21173e-12
5.9939e-08
-6.16244e-12
5.99401e-08
-5.03436e-12
5.99405e-08
-3.83089e-12
5.99414e-08
-2.46476e-12
5.99425e-08
-9.40222e-13
5.99437e-08
4.23925e-13
5.99447e-08
9.78853e-13
5.99462e-08
1.27725e-13
5.99469e-08
-5.26506e-13
5.99457e-08
-6.81507e-13
5.99436e-08
-2.18578e-12
5.99408e-08
-4.75166e-12
5.99373e-08
-7.36626e-12
5.99335e-08
-9.86911e-12
5.99296e-08
-1.15497e-11
5.99255e-08
-1.28961e-11
5.99215e-08
-1.38167e-11
5.99175e-08
-1.44649e-11
5.99132e-08
-1.49467e-11
5.99086e-08
-1.51667e-11
5.9904e-08
-1.50373e-11
5.98994e-08
-1.46969e-11
5.98952e-08
-1.46523e-11
5.98915e-08
-1.46998e-11
5.98882e-08
-1.44357e-11
5.98849e-08
-1.38249e-11
5.98817e-08
-1.30672e-11
5.98786e-08
-1.22168e-11
5.98755e-08
-1.14438e-11
5.98725e-08
-1.09475e-11
5.98701e-08
-1.04731e-11
5.98679e-08
-9.90172e-12
5.98658e-08
-9.375e-12
5.98639e-08
-8.80143e-12
5.98622e-08
-8.41682e-12
5.98604e-08
-7.94238e-12
5.98588e-08
-7.13938e-12
5.98573e-08
-6.05269e-12
5.98555e-08
-5.17026e-12
5.98538e-08
-5.10597e-12
5.98521e-08
-5.69715e-12
5.98507e-08
-6.33739e-12
5.98494e-08
-6.53497e-12
5.98478e-08
-6.39743e-12
5.98463e-08
-6.29656e-12
5.98449e-08
-6.11339e-12
5.98436e-08
-6.14062e-12
5.98427e-08
-6.66003e-12
5.98416e-08
-6.51024e-12
5.98399e-08
-5.96341e-12
5.98379e-08
-6.11994e-12
5.98357e-08
-7.03978e-12
-7.33323e-12
5.04292e-08
-1.20088e-09
5.15298e-08
-3.33488e-09
5.29046e-08
-4.68685e-09
5.43436e-08
-5.45249e-09
5.56733e-08
-5.77187e-09
5.67953e-08
-5.74141e-09
5.7672e-08
-5.48694e-09
5.83269e-08
-5.11153e-09
5.87968e-08
-4.68665e-09
5.91068e-08
-4.24786e-09
5.92799e-08
-3.81926e-09
5.93435e-08
-3.42245e-09
5.93212e-08
-3.06194e-09
5.92354e-08
-2.73949e-09
5.91026e-08
-2.45443e-09
5.89364e-08
-2.2039e-09
5.87476e-08
-1.98475e-09
5.85446e-08
-1.79359e-09
5.83334e-08
-1.627e-09
5.81187e-08
-1.48169e-09
5.79041e-08
-1.35465e-09
5.7692e-08
-1.24331e-09
5.74841e-08
-1.14541e-09
5.72816e-08
-1.059e-09
5.70852e-08
-9.8242e-10
5.68954e-08
-9.14257e-10
5.67124e-08
-8.53317e-10
5.65363e-08
-7.9859e-10
5.6367e-08
-7.49225e-10
5.62045e-08
-7.04503e-10
5.60486e-08
-6.63817e-10
5.58991e-08
-6.26657e-10
5.57558e-08
-5.92587e-10
5.56184e-08
-5.61239e-10
5.54866e-08
-5.32299e-10
5.53604e-08
-5.055e-10
5.52394e-08
-4.80611e-10
5.51233e-08
-4.57435e-10
5.50121e-08
-4.358e-10
5.49054e-08
-4.15557e-10
5.48031e-08
-3.96577e-10
5.47049e-08
-3.78745e-10
5.46108e-08
-3.61962e-10
5.45204e-08
-3.4614e-10
5.44337e-08
-3.312e-10
5.43505e-08
-3.17072e-10
5.42706e-08
-3.03694e-10
5.4194e-08
-2.91009e-10
5.41204e-08
-2.78967e-10
5.40497e-08
-2.67523e-10
5.39819e-08
-2.56634e-10
5.39167e-08
-2.4626e-10
5.38542e-08
-2.36367e-10
5.37942e-08
-2.26918e-10
5.37366e-08
-2.17881e-10
5.36814e-08
-2.09221e-10
5.36284e-08
-2.00903e-10
5.35777e-08
-1.92893e-10
5.35292e-08
-1.85151e-10
5.34828e-08
-1.77638e-10
5.34386e-08
-1.70313e-10
5.33965e-08
-1.63131e-10
5.33565e-08
-1.56051e-10
5.33187e-08
-1.49031e-10
5.32831e-08
-1.42033e-10
5.32495e-08
-1.35027e-10
5.32182e-08
-1.27989e-10
5.3189e-08
-1.20909e-10
5.3162e-08
-1.13786e-10
5.31371e-08
-1.06637e-10
5.31143e-08
-9.94879e-11
5.30935e-08
-9.23829e-11
5.30746e-08
-8.53736e-11
5.30575e-08
-7.85224e-11
5.30422e-08
-7.18954e-11
5.30283e-08
-6.5561e-11
5.30159e-08
-5.95845e-11
5.30047e-08
-5.40242e-11
5.29946e-08
-4.89301e-11
5.29854e-08
-4.43378e-11
5.29769e-08
-4.02723e-11
5.2969e-08
-3.67403e-11
5.29615e-08
-3.37391e-11
5.29544e-08
-3.1248e-11
5.29475e-08
-2.92407e-11
5.29408e-08
-2.76757e-11
5.2934e-08
-2.65111e-11
5.29273e-08
-2.56945e-11
5.29204e-08
-2.51779e-11
5.29135e-08
-2.49065e-11
5.29064e-08
-2.48341e-11
5.28992e-08
-2.49102e-11
5.28919e-08
-2.50953e-11
5.28844e-08
-2.53469e-11
5.28767e-08
-2.56342e-11
5.2869e-08
-2.59239e-11
5.28612e-08
-2.61947e-11
5.28533e-08
-2.64234e-11
5.28454e-08
-2.65986e-11
5.28374e-08
-2.67067e-11
5.28295e-08
-2.67439e-11
5.28216e-08
-2.67035e-11
5.28138e-08
-2.6588e-11
5.28061e-08
-2.63974e-11
5.27985e-08
-2.61402e-11
5.2791e-08
-2.58212e-11
5.27836e-08
-2.54521e-11
5.27763e-08
-2.50397e-11
5.27692e-08
-2.4597e-11
5.27622e-08
-2.41314e-11
5.27553e-08
-2.36556e-11
5.27486e-08
-2.31759e-11
5.2742e-08
-2.27025e-11
5.27356e-08
-2.22374e-11
5.27293e-08
-2.17858e-11
5.27231e-08
-2.13457e-11
5.2717e-08
-2.09198e-11
5.27111e-08
-2.05034e-11
5.27054e-08
-2.00967e-11
5.26998e-08
-1.96961e-11
5.26943e-08
-1.9305e-11
5.2689e-08
-1.89225e-11
5.26838e-08
-1.85521e-11
5.26788e-08
-1.81927e-11
5.26739e-08
-1.78489e-11
5.26692e-08
-1.75206e-11
5.26647e-08
-1.7211e-11
5.26603e-08
-1.69128e-11
5.26561e-08
-1.66222e-11
5.26521e-08
-1.6323e-11
5.26484e-08
-1.60147e-11
5.26448e-08
-1.56882e-11
5.26415e-08
-1.53485e-11
5.26384e-08
-1.49919e-11
5.26356e-08
-1.46236e-11
5.2633e-08
-1.4243e-11
5.26307e-08
-1.38612e-11
5.26285e-08
-1.34623e-11
5.26267e-08
-1.3063e-11
5.2625e-08
-1.26452e-11
5.26237e-08
-1.2183e-11
5.26226e-08
-1.17928e-11
5.2622e-08
-1.13201e-11
5.26216e-08
-1.06341e-11
5.26216e-08
-1.00322e-11
5.26218e-08
-8.86901e-12
5.26218e-08
-7.21732e-12
5.26221e-08
-6.37678e-12
5.26216e-08
-4.53717e-12
5.26208e-08
-3.01571e-12
5.26204e-08
-2.12392e-12
5.26208e-08
-1.27005e-12
5.26223e-08
-1.06347e-12
5.26239e-08
-6.04804e-13
5.26234e-08
5.69154e-13
5.26223e-08
6.2006e-13
5.26231e-08
-1.4691e-12
5.26239e-08
-3.05245e-12
5.26225e-08
-3.37247e-12
5.26195e-08
-4.3431e-12
5.2616e-08
-6.406e-12
5.26124e-08
-7.90313e-12
5.26083e-08
-8.80946e-12
5.26041e-08
-9.63414e-12
5.25998e-08
-1.01552e-11
5.25954e-08
-1.04707e-11
5.25908e-08
-1.06325e-11
5.25864e-08
-1.06017e-11
5.25815e-08
-9.85265e-12
5.25768e-08
-9.96802e-12
5.25727e-08
-1.05749e-11
5.2569e-08
-1.06975e-11
5.25652e-08
-1.00605e-11
5.25617e-08
-9.51452e-12
5.25584e-08
-8.96211e-12
5.2555e-08
-8.01185e-12
5.25518e-08
-7.75289e-12
5.2549e-08
-7.68655e-12
5.25463e-08
-7.26e-12
5.25437e-08
-6.73499e-12
5.25413e-08
-6.34779e-12
5.2539e-08
-6.12062e-12
5.25368e-08
-5.71555e-12
5.25349e-08
-5.24217e-12
5.2533e-08
-4.22295e-12
5.25308e-08
-2.95284e-12
5.25286e-08
-2.85692e-12
5.25263e-08
-3.46149e-12
5.25243e-08
-4.34058e-12
5.25223e-08
-4.55032e-12
5.25199e-08
-3.95292e-12
5.25175e-08
-3.91757e-12
5.2515e-08
-3.61524e-12
5.25119e-08
-3.02576e-12
5.25088e-08
-3.52163e-12
5.25065e-08
-4.24587e-12
5.25054e-08
-4.85136e-12
5.25039e-08
-4.63743e-12
5.25009e-08
-4.00513e-12
-4.32976e-12
5.07873e-08
-1.98811e-09
5.2542e-08
-5.0897e-09
5.42883e-08
-6.43311e-09
5.57133e-08
-6.87749e-09
5.6732e-08
-6.79052e-09
5.73684e-08
-6.37784e-09
5.76386e-08
-5.75714e-09
5.76112e-08
-5.0841e-09
5.73537e-08
-4.42913e-09
5.6938e-08
-3.83212e-09
5.64244e-08
-3.30568e-09
5.58548e-08
-2.85284e-09
5.52613e-08
-2.46848e-09
5.46665e-08
-2.1447e-09
5.40851e-08
-1.87302e-09
5.35263e-08
-1.64513e-09
5.29953e-08
-1.45376e-09
5.24944e-08
-1.29265e-09
5.20239e-08
-1.15656e-09
5.15833e-08
-1.04107e-09
5.11712e-08
-9.42521e-10
5.07858e-08
-8.57964e-10
5.04254e-08
-7.84982e-10
5.0088e-08
-7.21604e-10
4.97718e-08
-6.66225e-10
4.94751e-08
-6.17536e-10
4.91962e-08
-5.74468e-10
4.89338e-08
-5.36145e-10
4.86864e-08
-5.0185e-10
4.84529e-08
-4.70992e-10
4.82322e-08
-4.43083e-10
4.80232e-08
-4.17721e-10
4.78252e-08
-3.94568e-10
4.76373e-08
-3.73345e-10
4.74589e-08
-3.53815e-10
4.72891e-08
-3.35781e-10
4.71276e-08
-3.19072e-10
4.69737e-08
-3.03546e-10
4.6827e-08
-2.8908e-10
4.6687e-08
-2.75567e-10
4.65533e-08
-2.62915e-10
4.64256e-08
-2.51044e-10
4.63036e-08
-2.39885e-10
4.61868e-08
-2.29375e-10
4.60751e-08
-2.19461e-10
4.59681e-08
-2.10094e-10
4.58656e-08
-2.01231e-10
4.57674e-08
-1.92834e-10
4.56733e-08
-1.84868e-10
4.55831e-08
-1.77303e-10
4.54966e-08
-1.70111e-10
4.54136e-08
-1.63266e-10
4.5334e-08
-1.56743e-10
4.52576e-08
-1.50521e-10
4.51843e-08
-1.44579e-10
4.5114e-08
-1.38895e-10
4.50465e-08
-1.33447e-10
4.49818e-08
-1.28214e-10
4.49199e-08
-1.23172e-10
4.48605e-08
-1.18295e-10
4.48038e-08
-1.13558e-10
4.47496e-08
-1.08929e-10
4.46979e-08
-1.04382e-10
4.46488e-08
-9.98854e-11
4.46022e-08
-9.5413e-11
4.45581e-08
-9.09374e-11
4.45165e-08
-8.64407e-11
4.44775e-08
-8.19065e-11
4.44411e-08
-7.73313e-11
4.44072e-08
-7.27158e-11
4.43758e-08
-6.80749e-11
4.43468e-08
-6.34291e-11
4.43203e-08
-5.88112e-11
4.4296e-08
-5.42587e-11
4.42739e-08
-4.9816e-11
4.42539e-08
-4.55296e-11
4.42357e-08
-4.14455e-11
4.42193e-08
-3.76084e-11
4.42045e-08
-3.4055e-11
4.41909e-08
-3.08188e-11
4.41786e-08
-2.79188e-11
4.41672e-08
-2.53713e-11
4.41566e-08
-2.3175e-11
4.41467e-08
-2.13279e-11
4.41373e-08
-1.98102e-11
4.41282e-08
-1.86048e-11
4.41194e-08
-1.7679e-11
4.41107e-08
-1.70068e-11
4.41021e-08
-1.65491e-11
4.40935e-08
-1.62772e-11
4.40848e-08
-1.61517e-11
4.4076e-08
-1.6146e-11
4.40671e-08
-1.62244e-11
4.40582e-08
-1.63651e-11
4.40491e-08
-1.6538e-11
4.40399e-08
-1.67268e-11
4.40306e-08
-1.69081e-11
4.40212e-08
-1.70724e-11
4.40119e-08
-1.72033e-11
4.40024e-08
-1.72972e-11
4.3993e-08
-1.73434e-11
4.39837e-08
-1.73424e-11
4.39744e-08
-1.72883e-11
4.39652e-08
-1.71865e-11
4.39561e-08
-1.70355e-11
4.39471e-08
-1.68443e-11
4.39383e-08
-1.66138e-11
4.39296e-08
-1.63546e-11
4.3921e-08
-1.6069e-11
4.39127e-08
-1.57685e-11
4.39045e-08
-1.54558e-11
4.38964e-08
-1.51417e-11
4.38886e-08
-1.48277e-11
4.38809e-08
-1.45221e-11
4.38733e-08
-1.42233e-11
4.38659e-08
-1.39372e-11
4.38586e-08
-1.36598e-11
4.38515e-08
-1.3394e-11
4.38445e-08
-1.31337e-11
4.38377e-08
-1.28825e-11
4.38311e-08
-1.2636e-11
4.38245e-08
-1.23992e-11
4.38181e-08
-1.21682e-11
4.38119e-08
-1.19493e-11
4.38058e-08
-1.17403e-11
4.37998e-08
-1.15483e-11
4.3794e-08
-1.13715e-11
4.37883e-08
-1.12124e-11
4.37827e-08
-1.10618e-11
4.37773e-08
-1.09148e-11
4.3772e-08
-1.07641e-11
4.37669e-08
-1.06075e-11
4.3762e-08
-1.04429e-11
4.37573e-08
-1.02673e-11
4.37528e-08
-1.008e-11
4.37484e-08
-9.89431e-12
4.37442e-08
-9.69501e-12
4.37403e-08
-9.46903e-12
4.37364e-08
-9.23771e-12
4.37328e-08
-8.97583e-12
4.37292e-08
-8.65641e-12
4.37257e-08
-8.22871e-12
4.37221e-08
-7.78094e-12
4.3719e-08
-7.51049e-12
4.37161e-08
-7.12464e-12
4.37143e-08
-6.99259e-12
4.37141e-08
-7.09379e-12
4.37133e-08
-5.53706e-12
4.37124e-08
-3.62938e-12
4.37119e-08
-2.44951e-12
4.37116e-08
-1.8044e-12
4.37119e-08
-1.60645e-12
4.37116e-08
-7.71016e-13
4.37113e-08
-3.26573e-13
4.3712e-08
-6.59592e-14
4.37132e-08
-5.77765e-13
4.37125e-08
-8.42777e-13
4.37105e-08
-1.00306e-12
4.3709e-08
-1.85166e-12
4.37074e-08
-2.82892e-12
4.37045e-08
-3.47717e-12
4.3701e-08
-4.44054e-12
4.36973e-08
-5.04942e-12
4.36934e-08
-5.71475e-12
4.36894e-08
-6.15605e-12
4.36853e-08
-6.42202e-12
4.36814e-08
-6.68618e-12
4.36779e-08
-7.11451e-12
4.36755e-08
-7.47632e-12
4.36722e-08
-6.69086e-12
4.36674e-08
-5.79732e-12
4.36621e-08
-5.31004e-12
4.36577e-08
-5.71902e-12
4.36543e-08
-6.05359e-12
4.36515e-08
-6.17301e-12
4.36502e-08
-6.75328e-12
4.36486e-08
-6.15906e-12
4.36461e-08
-5.1768e-12
4.36433e-08
-4.49955e-12
4.36405e-08
-3.93681e-12
4.36379e-08
-3.68713e-12
4.36352e-08
-3.46174e-12
4.36322e-08
-2.67704e-12
4.36291e-08
-2.05958e-12
4.3627e-08
-2.20126e-12
4.36266e-08
-2.4701e-12
4.36257e-08
-2.01062e-12
4.36235e-08
-1.27437e-12
4.36202e-08
-1.06773e-12
4.36173e-08
-1.66069e-12
4.36158e-08
-2.39749e-12
4.36136e-08
-1.75745e-12
4.36114e-08
-1.38496e-12
4.36101e-08
-1.74495e-12
4.36083e-08
-1.72261e-12
4.36064e-08
-2.33057e-12
4.36048e-08
-3.17568e-12
4.36029e-08
-2.73558e-12
4.36009e-08
-2.09289e-12
-2.30654e-12
5.16271e-08
-3.6153e-09
5.37528e-08
-7.21539e-09
5.50513e-08
-7.7317e-09
5.55873e-08
-7.41343e-09
5.54481e-08
-6.65136e-09
5.47367e-08
-5.66644e-09
5.36536e-08
-4.67396e-09
5.23698e-08
-3.8003e-09
5.10171e-08
-3.07648e-09
4.96817e-08
-2.49663e-09
4.84159e-08
-2.0399e-09
4.72459e-08
-1.68286e-09
4.61811e-08
-1.40372e-09
4.52207e-08
-1.1843e-09
4.43582e-08
-1.01048e-09
4.35845e-08
-8.71487e-10
4.28901e-08
-7.59265e-10
4.22652e-08
-6.67789e-10
4.17012e-08
-5.92532e-10
4.11901e-08
-5.30038e-10
4.07253e-08
-4.77659e-10
4.03007e-08
-4.33366e-10
3.99113e-08
-3.95587e-10
3.95528e-08
-3.63091e-10
3.92214e-08
-3.34913e-10
3.89142e-08
-3.10287e-10
3.86283e-08
-2.88604e-10
3.83616e-08
-2.69376e-10
3.81119e-08
-2.52213e-10
3.78777e-08
-2.36796e-10
3.76575e-08
-2.22868e-10
3.745e-08
-2.10219e-10
3.72541e-08
-1.98674e-10
3.70689e-08
-1.88091e-10
3.68934e-08
-1.7835e-10
3.6727e-08
-1.69351e-10
3.65689e-08
-1.6101e-10
3.64186e-08
-1.53255e-10
3.62756e-08
-1.46024e-10
3.61393e-08
-1.39267e-10
3.60093e-08
-1.32936e-10
3.58852e-08
-1.26993e-10
3.57668e-08
-1.21403e-10
3.56535e-08
-1.16135e-10
3.55452e-08
-1.11164e-10
3.54416e-08
-1.06464e-10
3.53424e-08
-1.02016e-10
3.52473e-08
-9.78005e-11
3.51563e-08
-9.38002e-11
3.5069e-08
-9.00002e-11
3.49852e-08
-8.63869e-11
3.49049e-08
-8.29479e-11
3.48279e-08
-7.9672e-11
3.47539e-08
-7.65486e-11
3.46829e-08
-7.35678e-11
3.46147e-08
-7.07199e-11
3.45493e-08
-6.79952e-11
3.44864e-08
-6.53833e-11
3.44261e-08
-6.28734e-11
3.43683e-08
-6.04535e-11
3.43129e-08
-5.81105e-11
3.42598e-08
-5.58302e-11
3.4209e-08
-5.35972e-11
3.41605e-08
-5.13959e-11
3.41143e-08
-4.92101e-11
3.40704e-08
-4.70254e-11
3.40288e-08
-4.48281e-11
3.39895e-08
-4.26082e-11
3.39526e-08
-4.03589e-11
3.39179e-08
-3.80784e-11
3.38856e-08
-3.57695e-11
3.38556e-08
-3.34411e-11
3.38279e-08
-3.11066e-11
3.38025e-08
-2.87846e-11
3.37792e-08
-2.64968e-11
3.37579e-08
-2.42679e-11
3.37386e-08
-2.21231e-11
3.3721e-08
-2.00873e-11
3.37052e-08
-1.81831e-11
3.36908e-08
-1.64301e-11
3.36777e-08
-1.48434e-11
3.36658e-08
-1.34331e-11
3.36548e-08
-1.22044e-11
3.36446e-08
-1.11568e-11
3.36351e-08
-1.02853e-11
3.36261e-08
-9.58048e-12
3.36174e-08
-9.02962e-12
3.3609e-08
-8.61726e-12
3.36008e-08
-8.32673e-12
3.35927e-08
-8.14018e-12
3.35845e-08
-8.04013e-12
3.35764e-08
-8.00925e-12
3.35682e-08
-8.0315e-12
3.356e-08
-8.09166e-12
3.35516e-08
-8.17623e-12
3.35431e-08
-8.27296e-12
3.35346e-08
-8.37169e-12
3.3526e-08
-8.46398e-12
3.35174e-08
-8.54337e-12
3.35087e-08
-8.60458e-12
3.35e-08
-8.64366e-12
3.34913e-08
-8.65766e-12
3.34826e-08
-8.64527e-12
3.34741e-08
-8.60643e-12
3.34656e-08
-8.54242e-12
3.34572e-08
-8.45515e-12
3.34489e-08
-8.34724e-12
3.34408e-08
-8.22159e-12
3.34328e-08
-8.08172e-12
3.3425e-08
-7.93124e-12
3.34173e-08
-7.77413e-12
3.34097e-08
-7.61394e-12
3.34024e-08
-7.45414e-12
3.33951e-08
-7.29728e-12
3.33881e-08
-7.14545e-12
3.33811e-08
-6.99973e-12
3.33743e-08
-6.86063e-12
3.33677e-08
-6.72723e-12
3.33611e-08
-6.59871e-12
3.33547e-08
-6.47444e-12
3.33484e-08
-6.35451e-12
3.33423e-08
-6.23862e-12
3.33362e-08
-6.12714e-12
3.33303e-08
-6.02081e-12
3.33245e-08
-5.92141e-12
3.33187e-08
-5.83089e-12
3.33131e-08
-5.75199e-12
3.33076e-08
-5.68422e-12
3.33021e-08
-5.62498e-12
3.32968e-08
-5.56996e-12
3.32915e-08
-5.51672e-12
3.32864e-08
-5.46162e-12
3.32814e-08
-5.40703e-12
3.32764e-08
-5.34583e-12
3.32716e-08
-5.27594e-12
3.32669e-08
-5.21077e-12
3.32624e-08
-5.1341e-12
3.32579e-08
-5.03933e-12
3.32537e-08
-4.94677e-12
3.32495e-08
-4.8333e-12
3.32455e-08
-4.66042e-12
3.32417e-08
-4.39014e-12
3.32381e-08
-4.21708e-12
3.32348e-08
-4.12142e-12
3.32316e-08
-3.97835e-12
3.32289e-08
-4.20284e-12
3.32261e-08
-4.288e-12
3.32239e-08
-3.29675e-12
3.32223e-08
-2.05578e-12
3.32214e-08
-1.49796e-12
3.3221e-08
-1.45623e-12
3.32206e-08
-1.21276e-12
3.32204e-08
-4.71343e-13
3.32202e-08
-1.36501e-13
3.32204e-08
-3.05003e-13
3.32203e-08
-4.83716e-13
3.322e-08
-5.27608e-13
3.32195e-08
-5.70263e-13
3.32186e-08
-9.54255e-13
3.32172e-08
-1.43145e-12
3.32151e-08
-1.34635e-12
3.32124e-08
-1.8043e-12
3.32095e-08
-2.15898e-12
3.32064e-08
-2.56849e-12
3.32032e-08
-2.93846e-12
3.32001e-08
-3.29184e-12
3.3197e-08
-3.66402e-12
3.31935e-08
-3.59786e-12
3.31901e-08
-4.11799e-12
3.31873e-08
-3.87973e-12
3.31843e-08
-2.8238e-12
3.31814e-08
-2.33634e-12
3.31782e-08
-2.55044e-12
3.31751e-08
-2.88803e-12
3.31721e-08
-3.20084e-12
3.31688e-08
-3.45097e-12
3.31658e-08
-3.17006e-12
3.31632e-08
-2.57911e-12
3.3161e-08
-2.32758e-12
3.31592e-08
-2.15639e-12
3.31571e-08
-1.5758e-12
3.31546e-08
-9.23794e-13
3.31528e-08
-8.23695e-13
3.31514e-08
-7.03902e-13
3.315e-08
-7.85197e-13
3.31488e-08
-1.28617e-12
3.31478e-08
-1.00223e-12
3.31472e-08
-7.11135e-13
3.31465e-08
-3.53786e-13
3.31449e-08
-4.15844e-14
3.31428e-08
-3.28554e-13
3.31416e-08
-5.41308e-13
3.3141e-08
-7.51204e-13
3.31404e-08
-1.164e-12
3.31397e-08
-1.03722e-12
3.31384e-08
-9.98248e-13
3.31363e-08
-1.10093e-12
3.31346e-08
-1.02818e-12
3.31334e-08
-8.29859e-13
-8.32969e-13
5.23563e-08
-5.97162e-09
5.26982e-08
-7.55738e-09
5.13899e-08
-6.42341e-09
4.91509e-08
-5.17442e-09
4.63482e-08
-3.84869e-09
4.35033e-08
-2.82147e-09
4.08595e-08
-2.03011e-09
3.85161e-08
-1.45686e-09
3.65015e-08
-1.06185e-09
3.47984e-08
-7.93582e-10
3.33687e-08
-6.1021e-10
3.21685e-08
-4.82623e-10
3.11563e-08
-3.9156e-10
3.02967e-08
-3.24645e-10
2.95603e-08
-2.74107e-10
2.89238e-08
-2.35009e-10
2.83687e-08
-2.04153e-10
2.78803e-08
-1.79401e-10
2.74471e-08
-1.59272e-10
2.70597e-08
-1.42696e-10
2.67109e-08
-1.28886e-10
2.63948e-08
-1.17255e-10
2.61066e-08
-1.07359e-10
2.58424e-08
-9.88556e-11
2.55989e-08
-9.14804e-11
2.53737e-08
-8.50267e-11
2.51644e-08
-7.93322e-11
2.49693e-08
-7.42683e-11
2.47868e-08
-6.97328e-11
2.46156e-08
-6.5644e-11
2.44547e-08
-6.19356e-11
2.4303e-08
-5.85542e-11
2.41598e-08
-5.54559e-11
2.40243e-08
-5.26046e-11
2.3896e-08
-4.99705e-11
2.37741e-08
-4.75283e-11
2.36584e-08
-4.52571e-11
2.35483e-08
-4.31388e-11
2.34434e-08
-4.11582e-11
2.33434e-08
-3.9302e-11
2.32481e-08
-3.75588e-11
2.3157e-08
-3.59185e-11
2.307e-08
-3.43724e-11
2.29867e-08
-3.29127e-11
2.29071e-08
-3.15325e-11
2.28309e-08
-3.02257e-11
2.27578e-08
-2.89869e-11
2.26879e-08
-2.78112e-11
2.26208e-08
-2.66941e-11
2.25564e-08
-2.56319e-11
2.24946e-08
-2.46208e-11
2.24353e-08
-2.3658e-11
2.23784e-08
-2.27403e-11
2.23237e-08
-2.18654e-11
2.22712e-08
-2.10304e-11
2.22207e-08
-2.02335e-11
2.21722e-08
-1.94717e-11
2.21256e-08
-1.8743e-11
2.20807e-08
-1.8044e-11
2.20377e-08
-1.73724e-11
2.19963e-08
-1.67237e-11
2.19566e-08
-1.60948e-11
2.19184e-08
-1.54802e-11
2.18819e-08
-1.48763e-11
2.1847e-08
-1.42768e-11
2.18137e-08
-1.36782e-11
2.17819e-08
-1.30745e-11
2.17518e-08
-1.24632e-11
2.17233e-08
-1.18401e-11
2.16964e-08
-1.12049e-11
2.16712e-08
-1.05566e-11
2.16477e-08
-9.8977e-12
2.16258e-08
-9.23105e-12
2.16056e-08
-8.56201e-12
2.1587e-08
-7.89683e-12
2.157e-08
-7.24269e-12
2.15544e-08
-6.60789e-12
2.15403e-08
-5.99963e-12
2.15276e-08
-5.42639e-12
2.1516e-08
-4.89359e-12
2.15056e-08
-4.40815e-12
2.14961e-08
-3.9724e-12
2.14875e-08
-3.5906e-12
2.14796e-08
-3.26146e-12
2.14723e-08
-2.98629e-12
2.14655e-08
-2.76055e-12
2.1459e-08
-2.58315e-12
2.14528e-08
-2.44739e-12
2.14469e-08
-2.3509e-12
2.1441e-08
-2.28607e-12
2.14352e-08
-2.25012e-12
2.14294e-08
-2.23545e-12
2.14237e-08
-2.23948e-12
2.14178e-08
-2.25517e-12
2.14119e-08
-2.28051e-12
2.1406e-08
-2.30945e-12
2.13999e-08
-2.34102e-12
2.13939e-08
-2.37048e-12
2.13877e-08
-2.39786e-12
2.13815e-08
-2.41937e-12
2.13753e-08
-2.43555e-12
2.13691e-08
-2.44337e-12
2.13629e-08
-2.4442e-12
2.13568e-08
-2.4361e-12
2.13506e-08
-2.42126e-12
2.13446e-08
-2.39836e-12
2.13386e-08
-2.36992e-12
2.13327e-08
-2.3349e-12
2.13269e-08
-2.29612e-12
2.13213e-08
-2.25285e-12
2.13157e-08
-2.20812e-12
2.13102e-08
-2.1613e-12
2.13049e-08
-2.11539e-12
2.12997e-08
-2.06948e-12
2.12945e-08
-2.02614e-12
2.12895e-08
-1.98394e-12
2.12846e-08
-1.94481e-12
2.12798e-08
-1.90661e-12
2.12751e-08
-1.87096e-12
2.12704e-08
-1.83592e-12
2.12659e-08
-1.80332e-12
2.12614e-08
-1.77111e-12
2.1257e-08
-1.74106e-12
2.12527e-08
-1.71154e-12
2.12484e-08
-1.68488e-12
2.12443e-08
-1.66029e-12
2.12402e-08
-1.64096e-12
2.12361e-08
-1.62518e-12
2.12321e-08
-1.6135e-12
2.12281e-08
-1.60308e-12
2.12242e-08
-1.59441e-12
2.12203e-08
-1.5855e-12
2.12165e-08
-1.5786e-12
2.12127e-08
-1.56739e-12
2.1209e-08
-1.55312e-12
2.12053e-08
-1.5431e-12
2.12017e-08
-1.52811e-12
2.11982e-08
-1.50675e-12
2.11947e-08
-1.48935e-12
2.11913e-08
-1.46676e-12
2.11881e-08
-1.41944e-12
2.1185e-08
-1.33085e-12
2.11821e-08
-1.28206e-12
2.11793e-08
-1.25449e-12
2.11766e-08
-1.235e-12
2.11738e-08
-1.36302e-12
2.11709e-08
-1.39554e-12
2.11688e-08
-1.10942e-12
2.11675e-08
-7.4529e-13
2.11666e-08
-6.43528e-13
2.11659e-08
-6.81355e-13
2.11651e-08
-4.15675e-13
2.11647e-08
-1.37174e-13
2.11648e-08
-1.64061e-13
2.11648e-08
-2.99704e-13
2.11645e-08
-2.4418e-13
2.1164e-08
-8.14559e-14
2.11635e-08
-1.00696e-13
2.11629e-08
-3.14493e-13
2.11619e-08
-4.56e-13
2.11608e-08
-2.79849e-13
2.11593e-08
-3.27505e-13
2.11576e-08
-4.67235e-13
2.11557e-08
-6.34839e-13
2.11536e-08
-7.95034e-13
2.11512e-08
-9.48747e-13
2.11486e-08
-1.0579e-12
2.11461e-08
-1.08586e-12
2.11433e-08
-1.30076e-12
2.11406e-08
-1.2119e-12
2.11386e-08
-8.04111e-13
2.11368e-08
-5.85788e-13
2.11349e-08
-6.19993e-13
2.11327e-08
-7.6154e-13
2.11305e-08
-9.36454e-13
2.1128e-08
-9.96113e-13
2.11258e-08
-9.13571e-13
2.1124e-08
-7.7514e-13
2.11223e-08
-6.94966e-13
2.11208e-08
-6.33044e-13
2.11196e-08
-3.89973e-13
2.11188e-08
-1.09433e-13
2.11181e-08
-8.66261e-14
2.11175e-08
-7.21403e-14
2.11169e-08
-1.68472e-13
2.1116e-08
-4.43988e-13
2.11155e-08
-4.54857e-13
2.1115e-08
-2.76578e-13
2.11146e-08
1.23928e-13
2.11142e-08
3.12293e-13
2.11138e-08
5.20352e-14
2.11136e-08
-2.79e-13
2.11132e-08
-3.94808e-13
2.11124e-08
-3.2774e-13
2.11114e-08
-9.53947e-14
2.11105e-08
-3.40533e-14
2.11095e-08
-1.20773e-13
2.11088e-08
-2.88156e-13
2.11082e-08
-2.75614e-13
-2.15976e-13
4.40283e-08
3.64709e-08
3.00475e-08
2.48731e-08
2.10245e-08
1.8203e-08
1.61729e-08
1.47161e-08
1.36543e-08
1.28607e-08
1.22505e-08
1.17678e-08
1.13763e-08
1.10516e-08
1.07775e-08
1.05425e-08
1.03383e-08
1.01589e-08
9.99967e-09
9.85698e-09
9.72809e-09
9.61083e-09
9.50347e-09
9.40462e-09
9.31314e-09
9.22811e-09
9.14878e-09
9.07451e-09
9.00478e-09
8.93913e-09
8.8772e-09
8.81864e-09
8.76319e-09
8.71058e-09
8.66061e-09
8.61308e-09
8.56783e-09
8.52469e-09
8.48353e-09
8.44423e-09
8.40667e-09
8.37075e-09
8.33638e-09
8.30347e-09
8.27194e-09
8.24171e-09
8.21272e-09
8.18491e-09
8.15822e-09
8.13259e-09
8.10797e-09
8.08431e-09
8.06157e-09
8.03971e-09
8.01868e-09
7.99845e-09
7.97898e-09
7.96024e-09
7.9422e-09
7.92483e-09
7.90811e-09
7.89202e-09
7.87654e-09
7.86167e-09
7.8474e-09
7.83373e-09
7.82066e-09
7.8082e-09
7.79636e-09
7.78516e-09
7.7746e-09
7.76471e-09
7.75548e-09
7.74691e-09
7.73901e-09
7.73177e-09
7.72516e-09
7.71915e-09
7.71372e-09
7.70882e-09
7.70441e-09
7.70043e-09
7.69684e-09
7.69357e-09
7.69058e-09
7.68782e-09
7.68523e-09
7.68279e-09
7.68043e-09
7.67815e-09
7.6759e-09
7.67367e-09
7.67143e-09
7.66917e-09
7.6669e-09
7.66459e-09
7.66225e-09
7.65988e-09
7.65749e-09
7.65507e-09
7.65264e-09
7.6502e-09
7.64775e-09
7.64532e-09
7.6429e-09
7.6405e-09
7.63813e-09
7.6358e-09
7.6335e-09
7.63125e-09
7.62904e-09
7.62688e-09
7.62476e-09
7.62269e-09
7.62066e-09
7.61868e-09
7.61673e-09
7.61482e-09
7.61295e-09
7.61111e-09
7.60931e-09
7.60754e-09
7.6058e-09
7.60408e-09
7.6024e-09
7.60073e-09
7.59909e-09
7.59746e-09
7.59585e-09
7.59425e-09
7.59265e-09
7.59106e-09
7.58948e-09
7.58792e-09
7.58636e-09
7.58482e-09
7.58329e-09
7.58179e-09
7.5803e-09
7.57883e-09
7.57742e-09
7.57609e-09
7.57482e-09
7.57358e-09
7.57235e-09
7.57101e-09
7.56962e-09
7.56853e-09
7.56779e-09
7.56715e-09
7.56647e-09
7.56606e-09
7.56592e-09
7.56576e-09
7.56545e-09
7.5652e-09
7.5651e-09
7.56499e-09
7.56466e-09
7.5642e-09
7.56392e-09
7.56359e-09
7.56312e-09
7.56249e-09
7.5617e-09
7.56075e-09
7.55969e-09
7.5586e-09
7.55729e-09
7.55607e-09
7.55527e-09
7.55468e-09
7.55406e-09
7.5533e-09
7.55237e-09
7.55137e-09
7.55046e-09
7.54968e-09
7.54898e-09
7.54835e-09
7.54797e-09
7.54787e-09
7.54779e-09
7.54773e-09
7.54756e-09
7.54711e-09
7.54665e-09
7.54636e-09
7.54648e-09
7.54679e-09
7.54685e-09
7.54657e-09
7.54617e-09
7.54585e-09
7.54576e-09
7.54573e-09
7.54562e-09
7.54533e-09
7.54506e-09
)
;

boundaryField
{
    inlet
    {
        type            calculated;
        value           nonuniform List<scalar> 
20
(
-5e-08
-5e-08
-5e-08
-5e-08
-5e-08
-5e-08
-5e-08
-5e-08
-5e-08
-5e-08
-5e-08
-5e-08
-5e-08
-5e-08
-5e-08
-5e-08
-5e-08
-5e-08
-5e-08
-5e-08
)
;
    }
    outlet
    {
        type            calculated;
        value           nonuniform List<scalar> 
20
(
7.54425e-09
2.11044e-08
3.31217e-08
4.35805e-08
5.24722e-08
5.98004e-08
6.55891e-08
6.98764e-08
7.2706e-08
7.41149e-08
7.41224e-08
7.27258e-08
6.99069e-08
6.56238e-08
5.98335e-08
5.24979e-08
4.35989e-08
3.31319e-08
2.11076e-08
7.54484e-09
)
;
    }
    walls
    {
        type            calculated;
        value           uniform 0;
    }
    frontAndBack
    {
        type            empty;
    }
}


// ************************************************************************* //
