/*--------------------------------*- C++ -*----------------------------------*\
| =========                 |                                                 |
| \\      /  F ield         | OpenFOAM: The Open Source CFD Toolbox           |
|  \\    /   O peration     | Version:  2412                                  |
|   \\  /    A nd           | Website:  www.openfoam.com                      |
|    \\/     M anipulation  |                                                 |
\*---------------------------------------------------------------------------*/
FoamFile
{
    version     2.0;
    format      ascii;
    arch        "LSB;label=32;scalar=64";
    class       volScalarField;
    location    "107";
    object      p;
}
// * * * * * * * * * * * * * * * * * * * * * * * * * * * * * * * * * * * * * //

dimensions      [0 2 -2 0 0 0 0];

internalField   nonuniform List<scalar> 
4000
(
2.0343e-06
1.77401e-06
1.60895e-06
1.51496e-06
1.45156e-06
1.40455e-06
1.37123e-06
1.34728e-06
1.32878e-06
1.31339e-06
1.29981e-06
1.28732e-06
1.2755e-06
1.26414e-06
1.25312e-06
1.24234e-06
1.23179e-06
1.22141e-06
1.2112e-06
1.20114e-06
1.19123e-06
1.18145e-06
1.17179e-06
1.16227e-06
1.15286e-06
1.14357e-06
1.13439e-06
1.12532e-06
1.11635e-06
1.10749e-06
1.09873e-06
1.09006e-06
1.08149e-06
1.07301e-06
1.06461e-06
1.0563e-06
1.04807e-06
1.03992e-06
1.03184e-06
1.02384e-06
1.0159e-06
1.00804e-06
1.00024e-06
9.92503e-07
9.84828e-07
9.77211e-07
9.69652e-07
9.62147e-07
9.54695e-07
9.47295e-07
9.39944e-07
9.3264e-07
9.25383e-07
9.1817e-07
9.11e-07
9.03872e-07
8.96783e-07
8.89734e-07
8.82722e-07
8.75746e-07
8.68805e-07
8.61898e-07
8.55024e-07
8.48182e-07
8.41371e-07
8.3459e-07
8.27839e-07
8.21116e-07
8.14421e-07
8.07753e-07
8.01112e-07
7.94496e-07
7.87907e-07
7.81341e-07
7.748e-07
7.68282e-07
7.61786e-07
7.55312e-07
7.48858e-07
7.42424e-07
7.36007e-07
7.29608e-07
7.23225e-07
7.16856e-07
7.10501e-07
7.04157e-07
6.97825e-07
6.91502e-07
6.85188e-07
6.78882e-07
6.72583e-07
6.6629e-07
6.60002e-07
6.5372e-07
6.47442e-07
6.41169e-07
6.34899e-07
6.28633e-07
6.2237e-07
6.16111e-07
6.09854e-07
6.03601e-07
5.97351e-07
5.91104e-07
5.8486e-07
5.78618e-07
5.7238e-07
5.66145e-07
5.59912e-07
5.53683e-07
5.47456e-07
5.41232e-07
5.35011e-07
5.28793e-07
5.22578e-07
5.16366e-07
5.10156e-07
5.03949e-07
4.97745e-07
4.91544e-07
4.85345e-07
4.79148e-07
4.72955e-07
4.66764e-07
4.60575e-07
4.54389e-07
4.48206e-07
4.42025e-07
4.35846e-07
4.2967e-07
4.23497e-07
4.17325e-07
4.11156e-07
4.04988e-07
3.98823e-07
3.92659e-07
3.86497e-07
3.80336e-07
3.74177e-07
3.6802e-07
3.61864e-07
3.55709e-07
3.49556e-07
3.43406e-07
3.37257e-07
3.31111e-07
3.24968e-07
3.18828e-07
3.12692e-07
3.06561e-07
3.00433e-07
2.9431e-07
2.8819e-07
2.82074e-07
2.75962e-07
2.69854e-07
2.63751e-07
2.57652e-07
2.51557e-07
2.45467e-07
2.39381e-07
2.33297e-07
2.27214e-07
2.21138e-07
2.15068e-07
2.09e-07
2.02934e-07
1.96872e-07
1.90811e-07
1.84754e-07
1.787e-07
1.72649e-07
1.666e-07
1.60552e-07
1.54505e-07
1.48458e-07
1.42411e-07
1.36362e-07
1.30312e-07
1.2426e-07
1.18206e-07
1.12148e-07
1.06088e-07
1.00024e-07
9.39593e-08
8.78952e-08
8.18323e-08
7.57697e-08
6.97072e-08
6.36457e-08
5.75853e-08
5.1525e-08
4.54645e-08
3.94046e-08
3.33462e-08
2.72884e-08
2.12269e-08
1.51623e-08
9.0989e-09
3.03289e-09
1.78201e-06
1.66408e-06
1.56195e-06
1.49861e-06
1.4525e-06
1.41155e-06
1.38035e-06
1.35618e-06
1.33648e-06
1.3197e-06
1.30488e-06
1.29138e-06
1.27878e-06
1.26682e-06
1.25534e-06
1.24422e-06
1.23338e-06
1.22279e-06
1.21241e-06
1.20221e-06
1.19217e-06
1.18229e-06
1.17256e-06
1.16296e-06
1.15349e-06
1.14415e-06
1.13492e-06
1.12581e-06
1.11681e-06
1.10792e-06
1.09913e-06
1.09044e-06
1.08185e-06
1.07334e-06
1.06493e-06
1.0566e-06
1.04835e-06
1.04019e-06
1.0321e-06
1.02408e-06
1.01614e-06
1.00826e-06
1.00045e-06
9.92703e-07
9.85019e-07
9.77394e-07
9.69827e-07
9.62314e-07
9.54856e-07
9.47448e-07
9.40091e-07
9.32781e-07
9.25518e-07
9.183e-07
9.11125e-07
9.03991e-07
8.96898e-07
8.89844e-07
8.82828e-07
8.75848e-07
8.68903e-07
8.61993e-07
8.55115e-07
8.4827e-07
8.41455e-07
8.34671e-07
8.27916e-07
8.2119e-07
8.14492e-07
8.07821e-07
8.01176e-07
7.94558e-07
7.87965e-07
7.81397e-07
7.74852e-07
7.68331e-07
7.61832e-07
7.55355e-07
7.48898e-07
7.42461e-07
7.36042e-07
7.2964e-07
7.23255e-07
7.16884e-07
7.10526e-07
7.04181e-07
6.97847e-07
6.91522e-07
6.85207e-07
6.789e-07
6.72599e-07
6.66305e-07
6.60017e-07
6.53734e-07
6.47456e-07
6.41182e-07
6.34911e-07
6.28645e-07
6.22382e-07
6.16122e-07
6.09866e-07
6.03612e-07
5.97362e-07
5.91115e-07
5.8487e-07
5.78629e-07
5.7239e-07
5.66155e-07
5.59922e-07
5.53693e-07
5.47466e-07
5.41242e-07
5.35021e-07
5.28803e-07
5.22588e-07
5.16376e-07
5.10166e-07
5.03959e-07
4.97755e-07
4.91553e-07
4.85354e-07
4.79158e-07
4.72964e-07
4.66773e-07
4.60585e-07
4.54399e-07
4.48215e-07
4.42034e-07
4.35856e-07
4.2968e-07
4.23506e-07
4.17335e-07
4.11165e-07
4.04998e-07
3.98833e-07
3.92669e-07
3.86507e-07
3.80347e-07
3.74188e-07
3.6803e-07
3.61874e-07
3.5572e-07
3.49568e-07
3.43417e-07
3.37269e-07
3.31123e-07
3.2498e-07
3.1884e-07
3.12704e-07
3.06572e-07
3.00444e-07
2.9432e-07
2.882e-07
2.82083e-07
2.75971e-07
2.69862e-07
2.63758e-07
2.57658e-07
2.51563e-07
2.45472e-07
2.39385e-07
2.33299e-07
2.27215e-07
2.2114e-07
2.15071e-07
2.09001e-07
2.02934e-07
1.9687e-07
1.90808e-07
1.84751e-07
1.78698e-07
1.72648e-07
1.66597e-07
1.60548e-07
1.545e-07
1.48453e-07
1.42405e-07
1.36356e-07
1.30308e-07
1.24258e-07
1.18205e-07
1.12146e-07
1.06085e-07
1.00021e-07
9.39564e-08
8.7893e-08
8.18303e-08
7.57681e-08
6.97062e-08
6.36449e-08
5.75853e-08
5.15252e-08
4.54635e-08
3.94027e-08
3.33462e-08
2.72918e-08
2.12312e-08
1.5166e-08
9.10139e-09
3.03329e-09
1.65237e-06
1.60467e-06
1.54764e-06
1.50121e-06
1.45988e-06
1.42226e-06
1.39178e-06
1.36641e-06
1.34514e-06
1.3269e-06
1.31084e-06
1.2963e-06
1.28285e-06
1.27022e-06
1.25818e-06
1.24661e-06
1.23542e-06
1.22453e-06
1.2139e-06
1.2035e-06
1.1933e-06
1.18329e-06
1.17344e-06
1.16374e-06
1.1542e-06
1.14478e-06
1.1355e-06
1.12634e-06
1.1173e-06
1.10837e-06
1.09954e-06
1.09082e-06
1.0822e-06
1.07368e-06
1.06524e-06
1.05689e-06
1.04863e-06
1.04045e-06
1.03234e-06
1.02431e-06
1.01636e-06
1.00847e-06
1.00065e-06
9.92893e-07
9.852e-07
9.77566e-07
9.69991e-07
9.62471e-07
9.55005e-07
9.47591e-07
9.40227e-07
9.32912e-07
9.25643e-07
9.1842e-07
9.1124e-07
9.04101e-07
8.97004e-07
8.89945e-07
8.82925e-07
8.75941e-07
8.68992e-07
8.62078e-07
8.55197e-07
8.48348e-07
8.4153e-07
8.34743e-07
8.27985e-07
8.21256e-07
8.14554e-07
8.0788e-07
8.01233e-07
7.94612e-07
7.88016e-07
7.81444e-07
7.74897e-07
7.68373e-07
7.61872e-07
7.55392e-07
7.48933e-07
7.42493e-07
7.36072e-07
7.29668e-07
7.23281e-07
7.16908e-07
7.10548e-07
7.04202e-07
6.97866e-07
6.91541e-07
6.85224e-07
6.78916e-07
6.72615e-07
6.6632e-07
6.60031e-07
6.53747e-07
6.47469e-07
6.41194e-07
6.34923e-07
6.28656e-07
6.22393e-07
6.16133e-07
6.09876e-07
6.03623e-07
5.97372e-07
5.91125e-07
5.8488e-07
5.78639e-07
5.724e-07
5.66164e-07
5.59932e-07
5.53702e-07
5.47475e-07
5.41251e-07
5.3503e-07
5.28812e-07
5.22597e-07
5.16384e-07
5.10175e-07
5.03968e-07
4.97763e-07
4.91562e-07
4.85363e-07
4.79166e-07
4.72973e-07
4.66782e-07
4.60593e-07
4.54408e-07
4.48224e-07
4.42043e-07
4.35865e-07
4.29689e-07
4.23515e-07
4.17344e-07
4.11175e-07
4.05008e-07
3.98842e-07
3.92679e-07
3.86517e-07
3.80357e-07
3.74198e-07
3.68041e-07
3.61885e-07
3.55731e-07
3.49578e-07
3.43428e-07
3.37279e-07
3.31133e-07
3.2499e-07
3.1885e-07
3.12715e-07
3.06583e-07
3.00454e-07
2.94329e-07
2.88208e-07
2.82091e-07
2.75978e-07
2.69868e-07
2.63763e-07
2.57662e-07
2.51566e-07
2.45475e-07
2.39389e-07
2.33297e-07
2.27209e-07
2.21141e-07
2.15075e-07
2.09003e-07
2.02931e-07
1.96865e-07
1.90802e-07
1.84743e-07
1.78693e-07
1.72648e-07
1.66597e-07
1.60543e-07
1.54494e-07
1.48448e-07
1.42398e-07
1.36348e-07
1.30304e-07
1.24259e-07
1.18207e-07
1.12146e-07
1.06083e-07
1.00015e-07
9.39539e-08
8.78935e-08
8.18281e-08
7.57647e-08
6.97061e-08
6.3644e-08
5.75836e-08
5.1523e-08
4.5463e-08
3.94056e-08
3.33474e-08
2.72901e-08
2.12293e-08
1.51687e-08
9.1097e-09
3.03716e-09
1.58733e-06
1.56469e-06
1.52826e-06
1.49234e-06
1.45831e-06
1.42682e-06
1.39894e-06
1.37481e-06
1.35357e-06
1.33472e-06
1.31778e-06
1.30229e-06
1.28795e-06
1.27453e-06
1.26182e-06
1.24969e-06
1.23803e-06
1.22675e-06
1.2158e-06
1.20513e-06
1.19471e-06
1.18451e-06
1.1745e-06
1.16468e-06
1.15502e-06
1.14551e-06
1.13615e-06
1.12692e-06
1.11782e-06
1.10884e-06
1.09998e-06
1.09122e-06
1.08257e-06
1.07401e-06
1.06555e-06
1.05718e-06
1.0489e-06
1.0407e-06
1.03258e-06
1.02453e-06
1.01656e-06
1.00866e-06
1.00083e-06
9.93064e-07
9.85362e-07
9.77719e-07
9.70136e-07
9.62609e-07
9.55136e-07
9.47716e-07
9.40346e-07
9.33025e-07
9.25751e-07
9.18522e-07
9.11337e-07
9.04194e-07
8.97093e-07
8.9003e-07
8.83006e-07
8.76018e-07
8.69066e-07
8.62149e-07
8.55265e-07
8.48413e-07
8.41592e-07
8.34802e-07
8.28041e-07
8.21309e-07
8.14605e-07
8.07928e-07
8.01279e-07
7.94655e-07
7.88057e-07
7.81483e-07
7.74934e-07
7.68408e-07
7.61904e-07
7.55423e-07
7.48962e-07
7.4252e-07
7.36098e-07
7.29692e-07
7.23303e-07
7.16929e-07
7.10568e-07
7.0422e-07
6.97884e-07
6.91557e-07
6.8524e-07
6.7893e-07
6.72628e-07
6.66333e-07
6.60044e-07
6.53759e-07
6.4748e-07
6.41205e-07
6.34934e-07
6.28666e-07
6.22403e-07
6.16143e-07
6.09886e-07
6.03632e-07
5.97381e-07
5.91133e-07
5.84888e-07
5.78647e-07
5.72408e-07
5.66172e-07
5.59939e-07
5.53709e-07
5.47482e-07
5.41258e-07
5.35037e-07
5.28819e-07
5.22603e-07
5.16391e-07
5.10181e-07
5.03974e-07
4.9777e-07
4.91568e-07
4.85369e-07
4.79173e-07
4.72979e-07
4.66788e-07
4.606e-07
4.54414e-07
4.48231e-07
4.4205e-07
4.35872e-07
4.29696e-07
4.23522e-07
4.17351e-07
4.11182e-07
4.05015e-07
3.9885e-07
3.92687e-07
3.86525e-07
3.80365e-07
3.74207e-07
3.6805e-07
3.61894e-07
3.55739e-07
3.49586e-07
3.43435e-07
3.37286e-07
3.3114e-07
3.24997e-07
3.18858e-07
3.12723e-07
3.06592e-07
3.00464e-07
2.94337e-07
2.88214e-07
2.82098e-07
2.75984e-07
2.69873e-07
2.63768e-07
2.57667e-07
2.5157e-07
2.45479e-07
2.39391e-07
2.33286e-07
2.27198e-07
2.21148e-07
2.15084e-07
2.09004e-07
2.02926e-07
1.96859e-07
1.90795e-07
1.84733e-07
1.78689e-07
1.72653e-07
1.66601e-07
1.60543e-07
1.54493e-07
1.48447e-07
1.42389e-07
1.36334e-07
1.30297e-07
1.24258e-07
1.18205e-07
1.12145e-07
1.06082e-07
1.00005e-07
9.39431e-08
8.78957e-08
8.18256e-08
7.57548e-08
6.97048e-08
6.36443e-08
5.75818e-08
5.1522e-08
4.5462e-08
3.94099e-08
3.33517e-08
2.72871e-08
2.12188e-08
1.51616e-08
9.1175e-09
3.04306e-09
1.54453e-06
1.53163e-06
1.50866e-06
1.48196e-06
1.45462e-06
1.42871e-06
1.40429e-06
1.38156e-06
1.36067e-06
1.34171e-06
1.32442e-06
1.30849e-06
1.29355e-06
1.27949e-06
1.26615e-06
1.25344e-06
1.24126e-06
1.22953e-06
1.21819e-06
1.20719e-06
1.1965e-06
1.18606e-06
1.17585e-06
1.16586e-06
1.15606e-06
1.14643e-06
1.13697e-06
1.12765e-06
1.11848e-06
1.10943e-06
1.10051e-06
1.0917e-06
1.08301e-06
1.07441e-06
1.06592e-06
1.05752e-06
1.04921e-06
1.04099e-06
1.03285e-06
1.02479e-06
1.0168e-06
1.00888e-06
1.00104e-06
9.9326e-07
9.85546e-07
9.77893e-07
9.703e-07
9.62764e-07
9.55282e-07
9.47854e-07
9.40477e-07
9.33149e-07
9.25869e-07
9.18635e-07
9.11444e-07
9.04296e-07
8.9719e-07
8.90123e-07
8.83094e-07
8.76103e-07
8.69147e-07
8.62225e-07
8.55338e-07
8.48482e-07
8.41659e-07
8.34865e-07
8.28102e-07
8.21367e-07
8.1466e-07
8.07981e-07
8.01329e-07
7.94703e-07
7.88102e-07
7.81527e-07
7.74975e-07
7.68447e-07
7.61942e-07
7.55458e-07
7.48995e-07
7.42552e-07
7.36128e-07
7.29721e-07
7.2333e-07
7.16954e-07
7.10592e-07
7.04242e-07
6.97904e-07
6.91577e-07
6.85258e-07
6.78948e-07
6.72645e-07
6.66348e-07
6.60058e-07
6.53773e-07
6.47493e-07
6.41217e-07
6.34945e-07
6.28677e-07
6.22413e-07
6.16153e-07
6.09895e-07
6.03641e-07
5.9739e-07
5.91142e-07
5.84897e-07
5.78655e-07
5.72416e-07
5.6618e-07
5.59946e-07
5.53716e-07
5.47489e-07
5.41265e-07
5.35044e-07
5.28825e-07
5.2261e-07
5.16397e-07
5.10187e-07
5.0398e-07
4.97776e-07
4.91575e-07
4.85376e-07
4.79179e-07
4.72985e-07
4.66794e-07
4.60605e-07
4.54419e-07
4.48236e-07
4.42055e-07
4.35878e-07
4.29702e-07
4.23529e-07
4.17358e-07
4.11189e-07
4.05023e-07
3.98858e-07
3.92694e-07
3.86532e-07
3.80372e-07
3.74215e-07
3.68059e-07
3.61903e-07
3.55747e-07
3.49593e-07
3.4344e-07
3.3729e-07
3.31144e-07
3.25002e-07
3.18863e-07
3.12731e-07
3.06603e-07
3.00476e-07
2.94348e-07
2.88221e-07
2.82103e-07
2.7599e-07
2.69878e-07
2.6377e-07
2.57671e-07
2.51577e-07
2.45486e-07
2.39389e-07
2.33283e-07
2.27205e-07
2.21159e-07
2.15096e-07
2.09003e-07
2.02905e-07
1.96833e-07
1.90779e-07
1.84733e-07
1.7869e-07
1.72645e-07
1.66596e-07
1.60556e-07
1.5451e-07
1.48442e-07
1.42377e-07
1.36339e-07
1.30297e-07
1.24241e-07
1.18188e-07
1.12141e-07
1.06076e-07
9.99999e-08
9.39394e-08
8.7885e-08
8.18142e-08
7.57451e-08
6.97014e-08
6.36443e-08
5.75775e-08
5.15162e-08
4.5459e-08
3.94082e-08
3.33524e-08
2.72876e-08
2.12164e-08
1.51548e-08
9.11464e-09
3.04307e-09
1.51546e-06
1.50744e-06
1.49188e-06
1.47198e-06
1.4506e-06
1.42865e-06
1.40677e-06
1.38571e-06
1.36609e-06
1.34771e-06
1.33033e-06
1.31394e-06
1.29852e-06
1.28398e-06
1.27025e-06
1.25714e-06
1.24457e-06
1.23246e-06
1.22077e-06
1.20945e-06
1.19847e-06
1.18779e-06
1.17738e-06
1.1672e-06
1.15725e-06
1.14749e-06
1.13791e-06
1.12849e-06
1.11923e-06
1.11011e-06
1.10113e-06
1.09227e-06
1.08352e-06
1.07489e-06
1.06635e-06
1.05792e-06
1.04958e-06
1.04133e-06
1.03317e-06
1.02508e-06
1.01707e-06
1.00914e-06
1.00128e-06
9.93487e-07
9.85759e-07
9.78094e-07
9.70489e-07
9.62942e-07
9.55451e-07
9.48014e-07
9.40629e-07
9.33293e-07
9.26005e-07
9.18764e-07
9.11567e-07
9.04414e-07
8.97301e-07
8.90229e-07
8.83195e-07
8.76199e-07
8.69239e-07
8.62313e-07
8.55422e-07
8.48563e-07
8.41735e-07
8.34939e-07
8.28172e-07
8.21434e-07
8.14725e-07
8.08043e-07
8.01388e-07
7.9476e-07
7.88157e-07
7.81579e-07
7.75025e-07
7.68495e-07
7.61988e-07
7.55502e-07
7.49037e-07
7.42592e-07
7.36165e-07
7.29756e-07
7.23363e-07
7.16985e-07
7.10621e-07
7.0427e-07
6.9793e-07
6.91601e-07
6.8528e-07
6.78968e-07
6.72664e-07
6.66367e-07
6.60075e-07
6.53789e-07
6.47508e-07
6.41231e-07
6.34959e-07
6.2869e-07
6.22425e-07
6.16164e-07
6.09906e-07
6.03651e-07
5.974e-07
5.91151e-07
5.84906e-07
5.78663e-07
5.72424e-07
5.66187e-07
5.59954e-07
5.53724e-07
5.47496e-07
5.41272e-07
5.3505e-07
5.28831e-07
5.22616e-07
5.16403e-07
5.10193e-07
5.03986e-07
4.97782e-07
4.9158e-07
4.85381e-07
4.79185e-07
4.72991e-07
4.668e-07
4.60612e-07
4.54426e-07
4.48241e-07
4.4206e-07
4.35883e-07
4.29708e-07
4.23534e-07
4.17364e-07
4.11195e-07
4.05029e-07
3.98864e-07
3.92701e-07
3.86539e-07
3.80378e-07
3.74221e-07
3.68066e-07
3.61912e-07
3.55758e-07
3.49602e-07
3.43446e-07
3.37294e-07
3.31146e-07
3.25003e-07
3.18868e-07
3.12741e-07
3.06617e-07
3.00491e-07
2.94361e-07
2.88233e-07
2.82113e-07
2.75998e-07
2.69884e-07
2.63775e-07
2.57674e-07
2.51577e-07
2.45481e-07
2.39385e-07
2.33293e-07
2.27218e-07
2.21154e-07
2.15081e-07
2.08992e-07
2.02902e-07
1.9683e-07
1.90776e-07
1.84731e-07
1.78685e-07
1.72639e-07
1.66593e-07
1.60557e-07
1.54503e-07
1.48431e-07
1.42378e-07
1.36336e-07
1.30286e-07
1.24224e-07
1.18168e-07
1.12123e-07
1.0607e-07
9.99982e-08
9.39236e-08
8.78571e-08
8.17963e-08
7.57383e-08
6.96918e-08
6.36375e-08
5.75677e-08
5.15062e-08
4.54563e-08
3.94082e-08
3.33531e-08
2.72819e-08
2.12116e-08
1.51548e-08
9.10122e-09
3.03749e-09
1.49572e-06
1.49022e-06
1.47894e-06
1.46347e-06
1.44576e-06
1.42686e-06
1.40754e-06
1.38846e-06
1.36988e-06
1.3519e-06
1.33465e-06
1.31826e-06
1.30276e-06
1.288e-06
1.27391e-06
1.26039e-06
1.24744e-06
1.235e-06
1.22305e-06
1.21151e-06
1.20032e-06
1.18944e-06
1.17885e-06
1.16852e-06
1.15842e-06
1.14854e-06
1.13885e-06
1.12935e-06
1.12e-06
1.11081e-06
1.10177e-06
1.09285e-06
1.08406e-06
1.07538e-06
1.06681e-06
1.05834e-06
1.04997e-06
1.04169e-06
1.0335e-06
1.0254e-06
1.01737e-06
1.00942e-06
1.00154e-06
9.9373e-07
9.85988e-07
9.78309e-07
9.70693e-07
9.63135e-07
9.55633e-07
9.48186e-07
9.40792e-07
9.33448e-07
9.26153e-07
9.18904e-07
9.117e-07
9.0454e-07
8.97422e-07
8.90344e-07
8.83305e-07
8.76304e-07
8.69339e-07
8.62409e-07
8.55513e-07
8.4865e-07
8.41819e-07
8.35019e-07
8.28249e-07
8.21508e-07
8.14796e-07
8.08111e-07
8.01454e-07
7.94823e-07
7.88218e-07
7.81638e-07
7.75081e-07
7.68549e-07
7.62039e-07
7.55551e-07
7.49084e-07
7.42636e-07
7.36207e-07
7.29796e-07
7.23401e-07
7.17021e-07
7.10654e-07
7.04301e-07
6.97959e-07
6.91628e-07
6.85305e-07
6.78992e-07
6.72686e-07
6.66387e-07
6.60094e-07
6.53807e-07
6.47525e-07
6.41247e-07
6.34973e-07
6.28704e-07
6.22438e-07
6.16177e-07
6.09918e-07
6.03663e-07
5.97411e-07
5.91161e-07
5.84915e-07
5.78672e-07
5.72432e-07
5.66196e-07
5.59962e-07
5.53731e-07
5.47503e-07
5.41279e-07
5.35057e-07
5.28838e-07
5.22621e-07
5.16408e-07
5.10198e-07
5.03991e-07
4.97786e-07
4.91585e-07
4.85386e-07
4.7919e-07
4.72995e-07
4.66804e-07
4.60615e-07
4.54431e-07
4.48248e-07
4.42064e-07
4.35887e-07
4.29713e-07
4.23539e-07
4.17368e-07
4.112e-07
4.05034e-07
3.9887e-07
3.92707e-07
3.86545e-07
3.80384e-07
3.74225e-07
3.68072e-07
3.61921e-07
3.5577e-07
3.49614e-07
3.43455e-07
3.37299e-07
3.31152e-07
3.25002e-07
3.18869e-07
3.12754e-07
3.06636e-07
3.00509e-07
2.94375e-07
2.88244e-07
2.82124e-07
2.76011e-07
2.69897e-07
2.63786e-07
2.57682e-07
2.51581e-07
2.45481e-07
2.39388e-07
2.33302e-07
2.27224e-07
2.21152e-07
2.15074e-07
2.08986e-07
2.02898e-07
1.96825e-07
1.90767e-07
1.84717e-07
1.7867e-07
1.72625e-07
1.66582e-07
1.6054e-07
1.54488e-07
1.48433e-07
1.42388e-07
1.36338e-07
1.30278e-07
1.24213e-07
1.18156e-07
1.12104e-07
1.06044e-07
9.99733e-08
9.38987e-08
8.78308e-08
8.17697e-08
7.57186e-08
6.96815e-08
6.36329e-08
5.75655e-08
5.15042e-08
4.54517e-08
3.94007e-08
3.33423e-08
2.72732e-08
2.12019e-08
1.51399e-08
9.07837e-09
3.02829e-09
1.48256e-06
1.47839e-06
1.46955e-06
1.45687e-06
1.44171e-06
1.42502e-06
1.40748e-06
1.38964e-06
1.3719e-06
1.35451e-06
1.33769e-06
1.32149e-06
1.30593e-06
1.29099e-06
1.27664e-06
1.2629e-06
1.24975e-06
1.23713e-06
1.22498e-06
1.21323e-06
1.20185e-06
1.19081e-06
1.18008e-06
1.16963e-06
1.15942e-06
1.14944e-06
1.13967e-06
1.13009e-06
1.12068e-06
1.11143e-06
1.10233e-06
1.09337e-06
1.08454e-06
1.07582e-06
1.06722e-06
1.05872e-06
1.05033e-06
1.04203e-06
1.03381e-06
1.02569e-06
1.01764e-06
1.00967e-06
1.00178e-06
9.93958e-07
9.86203e-07
9.78513e-07
9.70885e-07
9.63316e-07
9.55806e-07
9.4835e-07
9.40947e-07
9.33595e-07
9.26293e-07
9.19037e-07
9.11827e-07
9.04661e-07
8.97537e-07
8.90454e-07
8.8341e-07
8.76404e-07
8.69435e-07
8.62501e-07
8.55601e-07
8.48734e-07
8.419e-07
8.35097e-07
8.28324e-07
8.2158e-07
8.14865e-07
8.08178e-07
8.01518e-07
7.94885e-07
7.88277e-07
7.81695e-07
7.75136e-07
7.68602e-07
7.6209e-07
7.55599e-07
7.4913e-07
7.4268e-07
7.36249e-07
7.29835e-07
7.23438e-07
7.17056e-07
7.10687e-07
7.04332e-07
6.97988e-07
6.91654e-07
6.85331e-07
6.79016e-07
6.72708e-07
6.66408e-07
6.60114e-07
6.53825e-07
6.47542e-07
6.41263e-07
6.34989e-07
6.28719e-07
6.22452e-07
6.1619e-07
6.0993e-07
6.03674e-07
5.97421e-07
5.91172e-07
5.84925e-07
5.78681e-07
5.72441e-07
5.66203e-07
5.59969e-07
5.53738e-07
5.4751e-07
5.41284e-07
5.35062e-07
5.28843e-07
5.22626e-07
5.16412e-07
5.10202e-07
5.03994e-07
4.9779e-07
4.91589e-07
4.8539e-07
4.79193e-07
4.72999e-07
4.66807e-07
4.60619e-07
4.54433e-07
4.4825e-07
4.42069e-07
4.35891e-07
4.29716e-07
4.23542e-07
4.17371e-07
4.11203e-07
4.05037e-07
3.98873e-07
3.92711e-07
3.86549e-07
3.80387e-07
3.74229e-07
3.68076e-07
3.61927e-07
3.55778e-07
3.49623e-07
3.43459e-07
3.37296e-07
3.31153e-07
3.24998e-07
3.18866e-07
3.12779e-07
3.06673e-07
3.00543e-07
2.94389e-07
2.88246e-07
2.8213e-07
2.76024e-07
2.69914e-07
2.63805e-07
2.57697e-07
2.51585e-07
2.45476e-07
2.39382e-07
2.33303e-07
2.27232e-07
2.21159e-07
2.15076e-07
2.08981e-07
2.02883e-07
1.96803e-07
1.90743e-07
1.84692e-07
1.78649e-07
1.72609e-07
1.66577e-07
1.60544e-07
1.5449e-07
1.48441e-07
1.424e-07
1.36332e-07
1.30262e-07
1.24196e-07
1.18138e-07
1.12075e-07
1.06006e-07
9.99416e-08
9.38676e-08
8.77983e-08
8.17376e-08
7.5692e-08
6.96824e-08
6.36409e-08
5.75623e-08
5.14975e-08
4.54423e-08
3.93912e-08
3.33311e-08
2.72628e-08
2.11915e-08
1.51281e-08
9.06017e-09
3.02193e-09
1.47442e-06
1.47099e-06
1.46348e-06
1.45243e-06
1.43886e-06
1.42357e-06
1.40716e-06
1.39018e-06
1.37307e-06
1.3561e-06
1.3395e-06
1.32338e-06
1.30781e-06
1.29283e-06
1.27844e-06
1.26464e-06
1.25139e-06
1.23863e-06
1.22631e-06
1.21442e-06
1.20292e-06
1.19178e-06
1.18096e-06
1.17042e-06
1.16014e-06
1.1501e-06
1.14027e-06
1.13063e-06
1.12118e-06
1.11189e-06
1.10276e-06
1.09376e-06
1.0849e-06
1.07616e-06
1.06753e-06
1.05901e-06
1.0506e-06
1.04228e-06
1.03405e-06
1.02591e-06
1.01785e-06
1.00987e-06
1.00197e-06
9.94135e-07
9.8637e-07
9.78671e-07
9.71035e-07
9.63459e-07
9.55941e-07
9.48478e-07
9.41069e-07
9.33712e-07
9.26403e-07
9.19143e-07
9.11928e-07
9.04757e-07
8.97629e-07
8.90541e-07
8.83494e-07
8.76484e-07
8.69511e-07
8.62574e-07
8.55671e-07
8.48801e-07
8.41964e-07
8.35158e-07
8.28383e-07
8.21637e-07
8.1492e-07
8.08231e-07
8.01569e-07
7.94934e-07
7.88325e-07
7.8174e-07
7.7518e-07
7.68644e-07
7.6213e-07
7.55638e-07
7.49167e-07
7.42715e-07
7.36282e-07
7.29867e-07
7.23468e-07
7.17084e-07
7.10714e-07
7.04357e-07
6.98012e-07
6.91678e-07
6.85353e-07
6.79036e-07
6.72728e-07
6.66427e-07
6.60132e-07
6.53842e-07
6.47558e-07
6.41279e-07
6.35003e-07
6.28732e-07
6.22465e-07
6.16202e-07
6.09942e-07
6.03685e-07
5.97431e-07
5.91181e-07
5.84933e-07
5.78689e-07
5.72448e-07
5.6621e-07
5.59975e-07
5.53743e-07
5.47514e-07
5.41288e-07
5.35065e-07
5.28846e-07
5.22629e-07
5.16415e-07
5.10204e-07
5.03996e-07
4.97792e-07
4.9159e-07
4.85391e-07
4.79194e-07
4.73e-07
4.66808e-07
4.60619e-07
4.54434e-07
4.48252e-07
4.42071e-07
4.35893e-07
4.29717e-07
4.23543e-07
4.17372e-07
4.11204e-07
4.05038e-07
3.98874e-07
3.92713e-07
3.86551e-07
3.8039e-07
3.74232e-07
3.68079e-07
3.61932e-07
3.55786e-07
3.49633e-07
3.43474e-07
3.37314e-07
3.31162e-07
3.25006e-07
3.18868e-07
3.12767e-07
3.06664e-07
3.00555e-07
2.94404e-07
2.88247e-07
2.82134e-07
2.76033e-07
2.69925e-07
2.63824e-07
2.57721e-07
2.51596e-07
2.45474e-07
2.39384e-07
2.33313e-07
2.27251e-07
2.21177e-07
2.15079e-07
2.08967e-07
2.02855e-07
1.9677e-07
1.90719e-07
1.84684e-07
1.78663e-07
1.72633e-07
1.66584e-07
1.6055e-07
1.54481e-07
1.48422e-07
1.42387e-07
1.36303e-07
1.3023e-07
1.2418e-07
1.1813e-07
1.12055e-07
1.05982e-07
9.99357e-08
9.3852e-08
8.77645e-08
8.17085e-08
7.56849e-08
6.96836e-08
6.36504e-08
5.75712e-08
5.14748e-08
4.54176e-08
3.93842e-08
3.33191e-08
2.72542e-08
2.1191e-08
1.51247e-08
9.04065e-09
3.01277e-09
1.47051e-06
1.46745e-06
1.46047e-06
1.45015e-06
1.43738e-06
1.42276e-06
1.40692e-06
1.39039e-06
1.37359e-06
1.35683e-06
1.34035e-06
1.32429e-06
1.30875e-06
1.29376e-06
1.27933e-06
1.26547e-06
1.25214e-06
1.23931e-06
1.22694e-06
1.21501e-06
1.20346e-06
1.19227e-06
1.1814e-06
1.17082e-06
1.16051e-06
1.15043e-06
1.14058e-06
1.13092e-06
1.12144e-06
1.11213e-06
1.10298e-06
1.09397e-06
1.08509e-06
1.07634e-06
1.0677e-06
1.05917e-06
1.05074e-06
1.04242e-06
1.03418e-06
1.02603e-06
1.01797e-06
1.00998e-06
1.00207e-06
9.94232e-07
9.86462e-07
9.78758e-07
9.71117e-07
9.63537e-07
9.56015e-07
9.48549e-07
9.41137e-07
9.33776e-07
9.26464e-07
9.19201e-07
9.11983e-07
9.0481e-07
8.97679e-07
8.90589e-07
8.83539e-07
8.76528e-07
8.69553e-07
8.62614e-07
8.55709e-07
8.48838e-07
8.41999e-07
8.35192e-07
8.28415e-07
8.21668e-07
8.1495e-07
8.08259e-07
8.01597e-07
7.9496e-07
7.8835e-07
7.81765e-07
7.75204e-07
7.68666e-07
7.62152e-07
7.55659e-07
7.49187e-07
7.42735e-07
7.36301e-07
7.29885e-07
7.23486e-07
7.17102e-07
7.10731e-07
7.04374e-07
6.98028e-07
6.91693e-07
6.85368e-07
6.79051e-07
6.72743e-07
6.66441e-07
6.60146e-07
6.53856e-07
6.47571e-07
6.41291e-07
6.35015e-07
6.28743e-07
6.22475e-07
6.16211e-07
6.09951e-07
6.03693e-07
5.97439e-07
5.91187e-07
5.84939e-07
5.78694e-07
5.72452e-07
5.66213e-07
5.59977e-07
5.53745e-07
5.47515e-07
5.41289e-07
5.35066e-07
5.28846e-07
5.22628e-07
5.16414e-07
5.10203e-07
5.03995e-07
4.9779e-07
4.91589e-07
4.8539e-07
4.79193e-07
4.72998e-07
4.66806e-07
4.60617e-07
4.54431e-07
4.4825e-07
4.4207e-07
4.35891e-07
4.29715e-07
4.23541e-07
4.1737e-07
4.11202e-07
4.05036e-07
3.98873e-07
3.92711e-07
3.86551e-07
3.80391e-07
3.74233e-07
3.68081e-07
3.61935e-07
3.55789e-07
3.49638e-07
3.43483e-07
3.37328e-07
3.31175e-07
3.25024e-07
3.18898e-07
3.12798e-07
3.06695e-07
3.00576e-07
2.94419e-07
2.88259e-07
2.82135e-07
2.76019e-07
2.69909e-07
2.63816e-07
2.57724e-07
2.51612e-07
2.45491e-07
2.394e-07
2.33321e-07
2.27259e-07
2.21191e-07
2.15102e-07
2.08984e-07
2.02853e-07
1.96779e-07
1.90728e-07
1.84716e-07
1.78704e-07
1.72654e-07
1.66609e-07
1.6055e-07
1.54452e-07
1.48431e-07
1.42412e-07
1.36289e-07
1.30191e-07
1.24148e-07
1.18092e-07
1.11994e-07
1.05931e-07
9.98973e-08
9.38382e-08
8.77502e-08
8.16937e-08
7.56735e-08
6.96623e-08
6.36387e-08
5.75653e-08
5.1463e-08
4.54099e-08
3.93838e-08
3.33187e-08
2.7258e-08
2.1193e-08
1.51018e-08
9.0186e-09
3.00786e-09
1.47051e-06
1.46745e-06
1.46047e-06
1.45015e-06
1.43738e-06
1.42276e-06
1.40692e-06
1.39039e-06
1.37359e-06
1.35683e-06
1.34035e-06
1.32429e-06
1.30875e-06
1.29376e-06
1.27933e-06
1.26547e-06
1.25214e-06
1.23931e-06
1.22694e-06
1.21501e-06
1.20346e-06
1.19227e-06
1.1814e-06
1.17082e-06
1.16051e-06
1.15043e-06
1.14058e-06
1.13092e-06
1.12144e-06
1.11213e-06
1.10298e-06
1.09397e-06
1.08509e-06
1.07633e-06
1.0677e-06
1.05917e-06
1.05074e-06
1.04242e-06
1.03418e-06
1.02603e-06
1.01797e-06
1.00998e-06
1.00207e-06
9.94231e-07
9.86462e-07
9.78758e-07
9.71117e-07
9.63537e-07
9.56015e-07
9.48549e-07
9.41136e-07
9.33775e-07
9.26464e-07
9.192e-07
9.11982e-07
9.04809e-07
8.97678e-07
8.90589e-07
8.83539e-07
8.76527e-07
8.69552e-07
8.62613e-07
8.55708e-07
8.48837e-07
8.41998e-07
8.3519e-07
8.28413e-07
8.21666e-07
8.14948e-07
8.08257e-07
8.01594e-07
7.94958e-07
7.88348e-07
7.81762e-07
7.75202e-07
7.68665e-07
7.6215e-07
7.55658e-07
7.49186e-07
7.42735e-07
7.36302e-07
7.29887e-07
7.23488e-07
7.17104e-07
7.10735e-07
7.04378e-07
6.98034e-07
6.91699e-07
6.85375e-07
6.79058e-07
6.7275e-07
6.66449e-07
6.60154e-07
6.53864e-07
6.4758e-07
6.41299e-07
6.35023e-07
6.28751e-07
6.22482e-07
6.16218e-07
6.09956e-07
6.03698e-07
5.97443e-07
5.9119e-07
5.84941e-07
5.78695e-07
5.72453e-07
5.66213e-07
5.59977e-07
5.53744e-07
5.47513e-07
5.41287e-07
5.35063e-07
5.28842e-07
5.22625e-07
5.1641e-07
5.10199e-07
5.03991e-07
4.97786e-07
4.91584e-07
4.85385e-07
4.79187e-07
4.72993e-07
4.66801e-07
4.60612e-07
4.54426e-07
4.48245e-07
4.42065e-07
4.35887e-07
4.29711e-07
4.23537e-07
4.17365e-07
4.11197e-07
4.05031e-07
3.98868e-07
3.92708e-07
3.86549e-07
3.8039e-07
3.74234e-07
3.68082e-07
3.61934e-07
3.55788e-07
3.49638e-07
3.43488e-07
3.37338e-07
3.31189e-07
3.25044e-07
3.18918e-07
3.12813e-07
3.06704e-07
3.00577e-07
2.94431e-07
2.8829e-07
2.82154e-07
2.76025e-07
2.69908e-07
2.63797e-07
2.57697e-07
2.516e-07
2.45508e-07
2.39439e-07
2.33377e-07
2.27317e-07
2.21247e-07
2.15133e-07
2.08972e-07
2.02842e-07
1.96785e-07
1.90758e-07
1.84752e-07
1.78733e-07
1.72679e-07
1.6659e-07
1.60517e-07
1.5444e-07
1.48419e-07
1.42397e-07
1.36259e-07
1.30196e-07
1.24155e-07
1.1805e-07
1.11966e-07
1.05929e-07
9.98747e-08
9.38128e-08
8.77532e-08
8.16935e-08
7.56503e-08
6.96385e-08
6.36126e-08
5.75508e-08
5.14537e-08
4.53995e-08
3.93848e-08
3.33313e-08
2.72722e-08
2.11854e-08
1.50916e-08
9.01416e-09
3.00424e-09
1.47442e-06
1.47099e-06
1.46348e-06
1.45243e-06
1.43886e-06
1.42357e-06
1.40716e-06
1.39018e-06
1.37307e-06
1.3561e-06
1.3395e-06
1.32338e-06
1.30781e-06
1.29283e-06
1.27844e-06
1.26464e-06
1.25139e-06
1.23863e-06
1.22631e-06
1.21442e-06
1.20292e-06
1.19178e-06
1.18096e-06
1.17042e-06
1.16014e-06
1.1501e-06
1.14027e-06
1.13063e-06
1.12118e-06
1.11189e-06
1.10276e-06
1.09376e-06
1.0849e-06
1.07616e-06
1.06753e-06
1.05901e-06
1.0506e-06
1.04228e-06
1.03405e-06
1.02591e-06
1.01785e-06
1.00987e-06
1.00197e-06
9.94134e-07
9.8637e-07
9.7867e-07
9.71034e-07
9.63458e-07
9.5594e-07
9.48477e-07
9.41068e-07
9.3371e-07
9.26402e-07
9.19141e-07
9.11926e-07
9.04755e-07
8.97626e-07
8.90539e-07
8.83491e-07
8.76481e-07
8.69508e-07
8.6257e-07
8.55667e-07
8.48797e-07
8.4196e-07
8.35154e-07
8.28378e-07
8.21631e-07
8.14914e-07
8.08225e-07
8.01563e-07
7.94927e-07
7.88318e-07
7.81734e-07
7.75174e-07
7.68638e-07
7.62126e-07
7.55635e-07
7.49165e-07
7.42715e-07
7.36284e-07
7.29871e-07
7.23474e-07
7.17093e-07
7.10725e-07
7.04371e-07
6.98027e-07
6.91695e-07
6.85372e-07
6.79057e-07
6.7275e-07
6.6645e-07
6.60156e-07
6.53867e-07
6.47583e-07
6.41303e-07
6.35026e-07
6.28754e-07
6.22485e-07
6.1622e-07
6.09958e-07
6.037e-07
5.97443e-07
5.9119e-07
5.8494e-07
5.78694e-07
5.7245e-07
5.6621e-07
5.59973e-07
5.53739e-07
5.47508e-07
5.41281e-07
5.35057e-07
5.28836e-07
5.22618e-07
5.16403e-07
5.10192e-07
5.03984e-07
4.97779e-07
4.91576e-07
4.85377e-07
4.7918e-07
4.72985e-07
4.66793e-07
4.60604e-07
4.54419e-07
4.48237e-07
4.42058e-07
4.3588e-07
4.29704e-07
4.2353e-07
4.17358e-07
4.1119e-07
4.05024e-07
3.98862e-07
3.92702e-07
3.86543e-07
3.80386e-07
3.74231e-07
3.6808e-07
3.61932e-07
3.55786e-07
3.4964e-07
3.43495e-07
3.37348e-07
3.31202e-07
3.25059e-07
3.18927e-07
3.12812e-07
3.06701e-07
3.00579e-07
2.9444e-07
2.88306e-07
2.82157e-07
2.76036e-07
2.69951e-07
2.63822e-07
2.57701e-07
2.51611e-07
2.45537e-07
2.39468e-07
2.33423e-07
2.27363e-07
2.2127e-07
2.15129e-07
2.08983e-07
2.0288e-07
1.9682e-07
1.90802e-07
1.84784e-07
1.78739e-07
1.72658e-07
1.66542e-07
1.605e-07
1.54453e-07
1.48402e-07
1.42351e-07
1.36253e-07
1.30213e-07
1.24175e-07
1.1805e-07
1.11961e-07
1.05907e-07
9.98439e-08
9.37915e-08
8.77327e-08
8.1689e-08
7.56682e-08
6.96233e-08
6.35687e-08
5.75081e-08
5.14501e-08
4.54005e-08
3.937e-08
3.33261e-08
2.72748e-08
2.11962e-08
1.51035e-08
9.02546e-09
3.00598e-09
1.48256e-06
1.47839e-06
1.46955e-06
1.45687e-06
1.44171e-06
1.42502e-06
1.40748e-06
1.38964e-06
1.3719e-06
1.35451e-06
1.33769e-06
1.32149e-06
1.30593e-06
1.29099e-06
1.27664e-06
1.2629e-06
1.24975e-06
1.23713e-06
1.22498e-06
1.21323e-06
1.20185e-06
1.19081e-06
1.18008e-06
1.16963e-06
1.15942e-06
1.14944e-06
1.13967e-06
1.13009e-06
1.12068e-06
1.11143e-06
1.10233e-06
1.09337e-06
1.08454e-06
1.07582e-06
1.06722e-06
1.05872e-06
1.05033e-06
1.04202e-06
1.03381e-06
1.02569e-06
1.01764e-06
1.00967e-06
1.00178e-06
9.93957e-07
9.86201e-07
9.78511e-07
9.70883e-07
9.63315e-07
9.55804e-07
9.48348e-07
9.40945e-07
9.33593e-07
9.2629e-07
9.19035e-07
9.11824e-07
9.04658e-07
8.97534e-07
8.9045e-07
8.83406e-07
8.764e-07
8.6943e-07
8.62495e-07
8.55595e-07
8.48728e-07
8.41893e-07
8.35089e-07
8.28315e-07
8.21571e-07
8.14856e-07
8.08168e-07
8.01508e-07
7.94875e-07
7.88267e-07
7.81685e-07
7.75127e-07
7.68594e-07
7.62083e-07
7.55594e-07
7.49127e-07
7.4268e-07
7.36252e-07
7.29841e-07
7.23447e-07
7.17069e-07
7.10704e-07
7.04352e-07
6.98012e-07
6.91682e-07
6.85361e-07
6.79049e-07
6.72744e-07
6.66445e-07
6.60152e-07
6.53864e-07
6.47581e-07
6.41301e-07
6.35026e-07
6.28753e-07
6.22485e-07
6.16219e-07
6.09957e-07
6.03698e-07
5.97441e-07
5.91187e-07
5.84937e-07
5.78689e-07
5.72445e-07
5.66204e-07
5.59967e-07
5.53732e-07
5.47501e-07
5.41273e-07
5.35048e-07
5.28827e-07
5.22609e-07
5.16394e-07
5.10183e-07
5.03974e-07
4.97769e-07
4.91566e-07
4.85367e-07
4.7917e-07
4.72976e-07
4.66784e-07
4.60596e-07
4.5441e-07
4.48228e-07
4.42049e-07
4.35871e-07
4.29695e-07
4.23522e-07
4.1735e-07
4.11182e-07
4.05017e-07
3.98854e-07
3.92695e-07
3.86537e-07
3.80381e-07
3.74228e-07
3.68077e-07
3.6193e-07
3.55786e-07
3.49643e-07
3.435e-07
3.37355e-07
3.31208e-07
3.25066e-07
3.18933e-07
3.12814e-07
3.06701e-07
3.00582e-07
2.94455e-07
2.88321e-07
2.82173e-07
2.76055e-07
2.69963e-07
2.63863e-07
2.57752e-07
2.51635e-07
2.45561e-07
2.39506e-07
2.33452e-07
2.27384e-07
2.21279e-07
2.15142e-07
2.09002e-07
2.02905e-07
1.96861e-07
1.90828e-07
1.84761e-07
1.78712e-07
1.7265e-07
1.66563e-07
1.60512e-07
1.5445e-07
1.4839e-07
1.42329e-07
1.36238e-07
1.30189e-07
1.24147e-07
1.18062e-07
1.11976e-07
1.05901e-07
9.98302e-08
9.37877e-08
8.77422e-08
8.16869e-08
7.56593e-08
6.96096e-08
6.35429e-08
5.74933e-08
5.14509e-08
4.54159e-08
3.93704e-08
3.33103e-08
2.7253e-08
2.11951e-08
1.51328e-08
9.04951e-09
3.0089e-09
1.49572e-06
1.49022e-06
1.47894e-06
1.46347e-06
1.44576e-06
1.42686e-06
1.40754e-06
1.38846e-06
1.36988e-06
1.3519e-06
1.33465e-06
1.31826e-06
1.30276e-06
1.288e-06
1.2739e-06
1.26039e-06
1.24744e-06
1.235e-06
1.22305e-06
1.21151e-06
1.20032e-06
1.18944e-06
1.17885e-06
1.16852e-06
1.15842e-06
1.14854e-06
1.13885e-06
1.12935e-06
1.12e-06
1.11081e-06
1.10177e-06
1.09285e-06
1.08405e-06
1.07538e-06
1.06681e-06
1.05834e-06
1.04997e-06
1.04169e-06
1.0335e-06
1.02539e-06
1.01737e-06
1.00942e-06
1.00154e-06
9.93728e-07
9.85986e-07
9.78308e-07
9.7069e-07
9.63132e-07
9.55631e-07
9.48184e-07
9.40789e-07
9.33445e-07
9.26149e-07
9.189e-07
9.11696e-07
9.04536e-07
8.97417e-07
8.90339e-07
8.833e-07
8.76298e-07
8.69332e-07
8.62402e-07
8.55506e-07
8.48642e-07
8.4181e-07
8.35009e-07
8.28239e-07
8.21497e-07
8.14784e-07
8.08099e-07
8.01442e-07
7.9481e-07
7.88205e-07
7.81625e-07
7.7507e-07
7.68539e-07
7.62031e-07
7.55545e-07
7.4908e-07
7.42636e-07
7.36211e-07
7.29804e-07
7.23413e-07
7.17038e-07
7.10676e-07
7.04328e-07
6.9799e-07
6.91663e-07
6.85345e-07
6.79035e-07
6.72732e-07
6.66436e-07
6.60144e-07
6.53858e-07
6.47575e-07
6.41297e-07
6.35021e-07
6.2875e-07
6.22481e-07
6.16216e-07
6.09953e-07
6.03693e-07
5.97436e-07
5.91182e-07
5.84931e-07
5.78683e-07
5.72438e-07
5.66197e-07
5.59959e-07
5.53724e-07
5.47492e-07
5.41264e-07
5.35039e-07
5.28817e-07
5.22599e-07
5.16384e-07
5.10173e-07
5.03964e-07
4.97758e-07
4.91556e-07
4.85356e-07
4.79159e-07
4.72966e-07
4.66774e-07
4.60586e-07
4.54401e-07
4.48219e-07
4.42039e-07
4.35862e-07
4.29686e-07
4.23513e-07
4.17342e-07
4.11174e-07
4.05009e-07
3.98847e-07
3.92687e-07
3.8653e-07
3.80375e-07
3.74223e-07
3.68074e-07
3.61928e-07
3.55786e-07
3.49646e-07
3.43504e-07
3.37359e-07
3.31211e-07
3.2507e-07
3.18938e-07
3.12817e-07
3.06704e-07
3.0059e-07
2.94466e-07
2.88334e-07
2.82202e-07
2.76088e-07
2.69986e-07
2.63884e-07
2.57783e-07
2.51687e-07
2.45608e-07
2.39529e-07
2.33446e-07
2.27358e-07
2.21255e-07
2.15139e-07
2.09029e-07
2.02944e-07
1.96885e-07
1.9083e-07
1.84766e-07
1.78707e-07
1.72645e-07
1.66574e-07
1.60509e-07
1.54443e-07
1.48375e-07
1.42308e-07
1.36237e-07
1.3018e-07
1.24122e-07
1.1805e-07
1.11974e-07
1.05902e-07
9.98351e-08
9.3786e-08
8.77394e-08
8.16838e-08
7.56441e-08
6.95998e-08
6.35412e-08
5.74951e-08
5.14541e-08
4.54136e-08
3.93694e-08
3.33095e-08
2.7248e-08
2.11903e-08
1.51371e-08
9.07634e-09
3.01844e-09
1.51545e-06
1.50744e-06
1.49188e-06
1.47198e-06
1.4506e-06
1.42865e-06
1.40677e-06
1.38571e-06
1.36609e-06
1.3477e-06
1.33033e-06
1.31394e-06
1.29852e-06
1.28398e-06
1.27025e-06
1.25714e-06
1.24456e-06
1.23246e-06
1.22076e-06
1.20945e-06
1.19847e-06
1.18779e-06
1.17738e-06
1.1672e-06
1.15725e-06
1.14749e-06
1.13791e-06
1.12849e-06
1.11923e-06
1.11011e-06
1.10113e-06
1.09227e-06
1.08352e-06
1.07488e-06
1.06635e-06
1.05792e-06
1.04958e-06
1.04133e-06
1.03316e-06
1.02508e-06
1.01707e-06
1.00914e-06
1.00128e-06
9.93485e-07
9.85757e-07
9.78092e-07
9.70487e-07
9.6294e-07
9.55448e-07
9.48011e-07
9.40625e-07
9.33289e-07
9.26001e-07
9.1876e-07
9.11563e-07
9.04409e-07
8.97296e-07
8.90223e-07
8.83189e-07
8.76192e-07
8.69231e-07
8.62305e-07
8.55413e-07
8.48553e-07
8.41725e-07
8.34928e-07
8.2816e-07
8.21422e-07
8.14712e-07
8.08029e-07
8.01374e-07
7.94746e-07
7.88143e-07
7.81565e-07
7.75013e-07
7.68484e-07
7.61978e-07
7.55495e-07
7.49033e-07
7.42592e-07
7.3617e-07
7.29765e-07
7.23378e-07
7.17005e-07
7.10647e-07
7.04301e-07
6.97967e-07
6.91642e-07
6.85327e-07
6.79019e-07
6.72718e-07
6.66424e-07
6.60134e-07
6.53849e-07
6.47567e-07
6.4129e-07
6.35015e-07
6.28744e-07
6.22476e-07
6.1621e-07
6.09947e-07
6.03687e-07
5.9743e-07
5.91176e-07
5.84924e-07
5.78676e-07
5.72431e-07
5.66189e-07
5.5995e-07
5.53715e-07
5.47483e-07
5.41254e-07
5.35029e-07
5.28807e-07
5.22589e-07
5.16374e-07
5.10162e-07
5.03954e-07
4.97748e-07
4.91546e-07
4.85346e-07
4.7915e-07
4.72956e-07
4.66765e-07
4.60577e-07
4.54392e-07
4.4821e-07
4.4203e-07
4.35853e-07
4.29678e-07
4.23505e-07
4.17334e-07
4.11167e-07
4.05002e-07
3.9884e-07
3.92681e-07
3.86524e-07
3.8037e-07
3.74218e-07
3.6807e-07
3.61925e-07
3.55787e-07
3.4965e-07
3.43512e-07
3.37367e-07
3.31218e-07
3.25075e-07
3.1894e-07
3.12819e-07
3.06706e-07
3.00593e-07
2.94474e-07
2.88344e-07
2.82221e-07
2.76118e-07
2.70013e-07
2.63904e-07
2.57801e-07
2.51712e-07
2.45622e-07
2.39519e-07
2.33418e-07
2.27324e-07
2.21228e-07
2.15132e-07
2.09042e-07
2.02962e-07
1.96895e-07
1.90834e-07
1.84771e-07
1.78707e-07
1.72642e-07
1.66573e-07
1.60505e-07
1.54436e-07
1.48366e-07
1.423e-07
1.36235e-07
1.30174e-07
1.24109e-07
1.1804e-07
1.11969e-07
1.05903e-07
9.9843e-08
9.37905e-08
8.77395e-08
8.16874e-08
7.56409e-08
6.95939e-08
6.35442e-08
5.74991e-08
5.14554e-08
4.54089e-08
3.93583e-08
3.33022e-08
2.7247e-08
2.11965e-08
1.51511e-08
9.10504e-09
3.03097e-09
1.54453e-06
1.53163e-06
1.50866e-06
1.48196e-06
1.45462e-06
1.42871e-06
1.40429e-06
1.38156e-06
1.36067e-06
1.34171e-06
1.32442e-06
1.30849e-06
1.29355e-06
1.27949e-06
1.26615e-06
1.25344e-06
1.24126e-06
1.22953e-06
1.21819e-06
1.20719e-06
1.19649e-06
1.18606e-06
1.17585e-06
1.16586e-06
1.15606e-06
1.14643e-06
1.13697e-06
1.12765e-06
1.11848e-06
1.10943e-06
1.10051e-06
1.0917e-06
1.08301e-06
1.07441e-06
1.06592e-06
1.05752e-06
1.04921e-06
1.04099e-06
1.03285e-06
1.02478e-06
1.0168e-06
1.00888e-06
1.00104e-06
9.93258e-07
9.85544e-07
9.77891e-07
9.70297e-07
9.62761e-07
9.55279e-07
9.47851e-07
9.40473e-07
9.33145e-07
9.25865e-07
9.1863e-07
9.11439e-07
9.04291e-07
8.97184e-07
8.90117e-07
8.83087e-07
8.76095e-07
8.69139e-07
8.62217e-07
8.55329e-07
8.48473e-07
8.41648e-07
8.34854e-07
8.2809e-07
8.21354e-07
8.14647e-07
8.07967e-07
8.01315e-07
7.94688e-07
7.88088e-07
7.81513e-07
7.74963e-07
7.68436e-07
7.61933e-07
7.55452e-07
7.48992e-07
7.42553e-07
7.36133e-07
7.29732e-07
7.23346e-07
7.16976e-07
7.1062e-07
7.04277e-07
6.97945e-07
6.91623e-07
6.85309e-07
6.79004e-07
6.72704e-07
6.66411e-07
6.60123e-07
6.53839e-07
6.47558e-07
6.41281e-07
6.35008e-07
6.28737e-07
6.22469e-07
6.16204e-07
6.09941e-07
6.03681e-07
5.97423e-07
5.91169e-07
5.84917e-07
5.78668e-07
5.72423e-07
5.66181e-07
5.59942e-07
5.53706e-07
5.47474e-07
5.41245e-07
5.3502e-07
5.28798e-07
5.2258e-07
5.16365e-07
5.10153e-07
5.03944e-07
4.97739e-07
4.91536e-07
4.85337e-07
4.79141e-07
4.72948e-07
4.66757e-07
4.60569e-07
4.54384e-07
4.48202e-07
4.42022e-07
4.35845e-07
4.2967e-07
4.23498e-07
4.17328e-07
4.11161e-07
4.04996e-07
3.98834e-07
3.92675e-07
3.86519e-07
3.80365e-07
3.74214e-07
3.68065e-07
3.6192e-07
3.55779e-07
3.4964e-07
3.43501e-07
3.37361e-07
3.31227e-07
3.25094e-07
3.1896e-07
3.12828e-07
3.06701e-07
3.00587e-07
2.94476e-07
2.88355e-07
2.82235e-07
2.76131e-07
2.70016e-07
2.63911e-07
2.57812e-07
2.51715e-07
2.45619e-07
2.39513e-07
2.33415e-07
2.2731e-07
2.21207e-07
2.15122e-07
2.09045e-07
2.0297e-07
1.96902e-07
1.90839e-07
1.84776e-07
1.78709e-07
1.72641e-07
1.66572e-07
1.60504e-07
1.54434e-07
1.48362e-07
1.42294e-07
1.36232e-07
1.3017e-07
1.24103e-07
1.18033e-07
1.11963e-07
1.05898e-07
9.98415e-08
9.37897e-08
8.77393e-08
8.16896e-08
7.56408e-08
6.95928e-08
6.35455e-08
5.75012e-08
5.14572e-08
4.54071e-08
3.93522e-08
3.32971e-08
2.72473e-08
2.12021e-08
1.51617e-08
9.11815e-09
3.03605e-09
1.58732e-06
1.56469e-06
1.52826e-06
1.49233e-06
1.4583e-06
1.42681e-06
1.39894e-06
1.37481e-06
1.35357e-06
1.33472e-06
1.31778e-06
1.30229e-06
1.28795e-06
1.27453e-06
1.26182e-06
1.24969e-06
1.23803e-06
1.22675e-06
1.2158e-06
1.20513e-06
1.19471e-06
1.1845e-06
1.1745e-06
1.16468e-06
1.15502e-06
1.14551e-06
1.13615e-06
1.12692e-06
1.11782e-06
1.10884e-06
1.09998e-06
1.09122e-06
1.08257e-06
1.07401e-06
1.06555e-06
1.05718e-06
1.0489e-06
1.0407e-06
1.03257e-06
1.02453e-06
1.01656e-06
1.00866e-06
1.00083e-06
9.93062e-07
9.85359e-07
9.77717e-07
9.70133e-07
9.62606e-07
9.55133e-07
9.47712e-07
9.40342e-07
9.3302e-07
9.25746e-07
9.18517e-07
9.11332e-07
9.04189e-07
8.97087e-07
8.90024e-07
8.82999e-07
8.76011e-07
8.69059e-07
8.6214e-07
8.55256e-07
8.48403e-07
8.41582e-07
8.34791e-07
8.28029e-07
8.21297e-07
8.14592e-07
8.07915e-07
8.01265e-07
7.94641e-07
7.88043e-07
7.8147e-07
7.74922e-07
7.68398e-07
7.61897e-07
7.55418e-07
7.4896e-07
7.42523e-07
7.36105e-07
7.29705e-07
7.23321e-07
7.16953e-07
7.10599e-07
7.04257e-07
6.97927e-07
6.91606e-07
6.85294e-07
6.7899e-07
6.72692e-07
6.66399e-07
6.60112e-07
6.53829e-07
6.47549e-07
6.41273e-07
6.35e-07
6.28729e-07
6.22461e-07
6.16196e-07
6.09933e-07
6.03673e-07
5.97416e-07
5.91161e-07
5.84909e-07
5.78661e-07
5.72415e-07
5.66173e-07
5.59934e-07
5.53698e-07
5.47466e-07
5.41237e-07
5.35012e-07
5.2879e-07
5.22571e-07
5.16356e-07
5.10144e-07
5.03936e-07
4.97731e-07
4.91528e-07
4.85329e-07
4.79133e-07
4.7294e-07
4.6675e-07
4.60562e-07
4.54377e-07
4.48195e-07
4.42015e-07
4.35838e-07
4.29664e-07
4.23492e-07
4.17322e-07
4.11155e-07
4.04991e-07
3.9883e-07
3.92671e-07
3.86514e-07
3.8036e-07
3.74209e-07
3.68061e-07
3.61915e-07
3.55773e-07
3.49632e-07
3.43494e-07
3.37356e-07
3.31221e-07
3.25088e-07
3.18958e-07
3.12833e-07
3.06708e-07
3.00587e-07
2.94472e-07
2.8836e-07
2.82246e-07
2.76132e-07
2.70023e-07
2.63921e-07
2.57819e-07
2.51715e-07
2.45614e-07
2.39516e-07
2.33419e-07
2.27318e-07
2.21221e-07
2.15131e-07
2.09046e-07
2.0297e-07
1.96901e-07
1.90838e-07
1.84774e-07
1.78708e-07
1.7264e-07
1.66573e-07
1.60507e-07
1.54435e-07
1.48356e-07
1.42287e-07
1.36231e-07
1.30169e-07
1.24097e-07
1.18026e-07
1.11954e-07
1.05887e-07
9.98364e-08
9.37901e-08
8.77413e-08
8.16937e-08
7.56452e-08
6.95962e-08
6.35467e-08
5.75025e-08
5.14615e-08
4.54087e-08
3.93473e-08
3.32901e-08
2.72424e-08
2.12022e-08
1.51581e-08
9.10967e-09
3.03448e-09
1.65237e-06
1.60467e-06
1.54764e-06
1.5012e-06
1.45987e-06
1.42225e-06
1.39178e-06
1.3664e-06
1.34514e-06
1.3269e-06
1.31083e-06
1.29629e-06
1.28285e-06
1.27022e-06
1.25818e-06
1.24661e-06
1.23542e-06
1.22453e-06
1.2139e-06
1.2035e-06
1.1933e-06
1.18329e-06
1.17344e-06
1.16374e-06
1.1542e-06
1.14478e-06
1.1355e-06
1.12634e-06
1.1173e-06
1.10837e-06
1.09954e-06
1.09082e-06
1.0822e-06
1.07368e-06
1.06524e-06
1.05689e-06
1.04863e-06
1.04045e-06
1.03234e-06
1.02431e-06
1.01635e-06
1.00847e-06
1.00065e-06
9.92891e-07
9.85197e-07
9.77564e-07
9.69988e-07
9.62468e-07
9.55002e-07
9.47588e-07
9.40224e-07
9.32908e-07
9.25639e-07
9.18415e-07
9.11234e-07
9.04096e-07
8.96998e-07
8.89939e-07
8.82918e-07
8.75934e-07
8.68985e-07
8.6207e-07
8.55188e-07
8.48339e-07
8.41521e-07
8.34733e-07
8.27974e-07
8.21244e-07
8.14542e-07
8.07868e-07
8.0122e-07
7.94599e-07
7.88003e-07
7.81433e-07
7.74887e-07
7.68365e-07
7.61866e-07
7.55389e-07
7.48933e-07
7.42498e-07
7.36081e-07
7.29683e-07
7.23301e-07
7.16934e-07
7.10581e-07
7.04241e-07
6.97911e-07
6.91592e-07
6.85281e-07
6.78977e-07
6.7268e-07
6.66388e-07
6.60102e-07
6.53819e-07
6.4754e-07
6.41264e-07
6.34991e-07
6.2872e-07
6.22453e-07
6.16188e-07
6.09925e-07
6.03665e-07
5.97407e-07
5.91153e-07
5.84901e-07
5.78652e-07
5.72407e-07
5.66164e-07
5.59925e-07
5.5369e-07
5.47457e-07
5.41229e-07
5.35003e-07
5.28781e-07
5.22563e-07
5.16348e-07
5.10136e-07
5.03928e-07
4.97723e-07
4.91521e-07
4.85322e-07
4.79126e-07
4.72933e-07
4.66743e-07
4.60555e-07
4.5437e-07
4.48188e-07
4.42009e-07
4.35832e-07
4.29658e-07
4.23486e-07
4.17317e-07
4.1115e-07
4.04986e-07
3.98825e-07
3.92666e-07
3.8651e-07
3.80356e-07
3.74205e-07
3.68056e-07
3.61911e-07
3.55767e-07
3.49627e-07
3.43488e-07
3.37351e-07
3.31217e-07
3.25086e-07
3.18958e-07
3.12833e-07
3.0671e-07
3.0059e-07
2.94475e-07
2.88357e-07
2.82241e-07
2.76129e-07
2.70021e-07
2.6392e-07
2.57822e-07
2.51719e-07
2.4561e-07
2.39512e-07
2.33421e-07
2.27325e-07
2.21231e-07
2.15141e-07
2.09055e-07
2.02976e-07
1.96904e-07
1.90836e-07
1.84769e-07
1.78701e-07
1.72633e-07
1.66567e-07
1.605e-07
1.54429e-07
1.48352e-07
1.42283e-07
1.36224e-07
1.30162e-07
1.24096e-07
1.18028e-07
1.1196e-07
1.05896e-07
9.98415e-08
9.37901e-08
8.77399e-08
8.16918e-08
7.56415e-08
6.95887e-08
6.35375e-08
5.74965e-08
5.1459e-08
4.54062e-08
3.93445e-08
3.32902e-08
2.72452e-08
2.12032e-08
1.51545e-08
9.10025e-09
3.03218e-09
1.78201e-06
1.66408e-06
1.56195e-06
1.49861e-06
1.4525e-06
1.41155e-06
1.38035e-06
1.35618e-06
1.33648e-06
1.3197e-06
1.30488e-06
1.29137e-06
1.27878e-06
1.26682e-06
1.25534e-06
1.24422e-06
1.23338e-06
1.22279e-06
1.21241e-06
1.20221e-06
1.19217e-06
1.18229e-06
1.17256e-06
1.16296e-06
1.15349e-06
1.14415e-06
1.13492e-06
1.12581e-06
1.11681e-06
1.10792e-06
1.09913e-06
1.09044e-06
1.08184e-06
1.07334e-06
1.06493e-06
1.0566e-06
1.04835e-06
1.04018e-06
1.03209e-06
1.02408e-06
1.01613e-06
1.00826e-06
1.00045e-06
9.92701e-07
9.85017e-07
9.77392e-07
9.69824e-07
9.62311e-07
9.54852e-07
9.47445e-07
9.40087e-07
9.32777e-07
9.25514e-07
9.18295e-07
9.1112e-07
9.03986e-07
8.96893e-07
8.89838e-07
8.82822e-07
8.75841e-07
8.68896e-07
8.61985e-07
8.55107e-07
8.48261e-07
8.41446e-07
8.34661e-07
8.27906e-07
8.21179e-07
8.1448e-07
8.07809e-07
8.01165e-07
7.94546e-07
7.87954e-07
7.81386e-07
7.74843e-07
7.68324e-07
7.61828e-07
7.55353e-07
7.489e-07
7.42467e-07
7.36053e-07
7.29657e-07
7.23277e-07
7.16913e-07
7.10561e-07
7.04223e-07
6.97895e-07
6.91576e-07
6.85266e-07
6.78963e-07
6.72667e-07
6.66376e-07
6.6009e-07
6.53807e-07
6.47528e-07
6.41253e-07
6.3498e-07
6.2871e-07
6.22442e-07
6.16177e-07
6.09914e-07
6.03654e-07
5.97397e-07
5.91142e-07
5.8489e-07
5.78641e-07
5.72396e-07
5.66153e-07
5.59914e-07
5.53679e-07
5.47447e-07
5.41218e-07
5.34993e-07
5.28771e-07
5.22553e-07
5.16338e-07
5.10127e-07
5.03918e-07
4.97714e-07
4.91512e-07
4.85313e-07
4.79117e-07
4.72924e-07
4.66734e-07
4.60547e-07
4.54362e-07
4.4818e-07
4.42001e-07
4.35824e-07
4.2965e-07
4.23479e-07
4.1731e-07
4.11144e-07
4.0498e-07
3.98818e-07
3.9266e-07
3.86503e-07
3.8035e-07
3.74199e-07
3.68051e-07
3.61905e-07
3.55762e-07
3.49621e-07
3.43483e-07
3.37347e-07
3.31214e-07
3.25083e-07
3.18955e-07
3.1283e-07
3.06707e-07
3.00586e-07
2.94468e-07
2.88351e-07
2.82236e-07
2.76126e-07
2.70021e-07
2.6392e-07
2.57819e-07
2.51715e-07
2.4561e-07
2.39512e-07
2.33418e-07
2.27324e-07
2.21232e-07
2.15144e-07
2.09059e-07
2.02979e-07
1.96904e-07
1.90832e-07
1.84762e-07
1.78693e-07
1.72626e-07
1.6656e-07
1.60493e-07
1.54422e-07
1.48351e-07
1.42282e-07
1.36219e-07
1.30156e-07
1.24091e-07
1.18025e-07
1.1196e-07
1.05898e-07
9.98414e-08
9.37887e-08
8.7738e-08
8.16884e-08
7.56378e-08
6.95857e-08
6.35352e-08
5.74921e-08
5.14525e-08
4.54034e-08
3.93471e-08
3.32925e-08
2.72429e-08
2.11969e-08
1.51474e-08
9.09277e-09
3.03066e-09
2.0343e-06
1.77401e-06
1.60895e-06
1.51496e-06
1.45156e-06
1.40455e-06
1.37123e-06
1.34727e-06
1.32878e-06
1.31339e-06
1.29981e-06
1.28732e-06
1.2755e-06
1.26414e-06
1.25311e-06
1.24234e-06
1.23178e-06
1.22141e-06
1.2112e-06
1.20114e-06
1.19123e-06
1.18145e-06
1.17179e-06
1.16227e-06
1.15286e-06
1.14357e-06
1.13439e-06
1.12532e-06
1.11635e-06
1.10749e-06
1.09873e-06
1.09006e-06
1.08149e-06
1.07301e-06
1.06461e-06
1.0563e-06
1.04807e-06
1.03992e-06
1.03184e-06
1.02384e-06
1.0159e-06
1.00804e-06
1.00024e-06
9.92501e-07
9.84825e-07
9.77209e-07
9.69649e-07
9.62144e-07
9.54692e-07
9.47291e-07
9.3994e-07
9.32636e-07
9.25379e-07
9.18166e-07
9.10995e-07
9.03867e-07
8.96778e-07
8.89728e-07
8.82716e-07
8.75739e-07
8.68798e-07
8.61891e-07
8.55017e-07
8.48174e-07
8.41363e-07
8.34581e-07
8.27829e-07
8.21106e-07
8.1441e-07
8.07742e-07
8.01101e-07
7.94486e-07
7.87896e-07
7.81332e-07
7.74792e-07
7.68276e-07
7.61783e-07
7.55312e-07
7.48862e-07
7.42432e-07
7.36021e-07
7.29627e-07
7.2325e-07
7.16888e-07
7.10539e-07
7.04202e-07
6.97876e-07
6.91559e-07
6.8525e-07
6.78949e-07
6.72653e-07
6.66363e-07
6.60077e-07
6.53795e-07
6.47517e-07
6.41241e-07
6.34968e-07
6.28698e-07
6.2243e-07
6.16165e-07
6.09902e-07
6.03642e-07
5.97385e-07
5.9113e-07
5.84878e-07
5.78629e-07
5.72384e-07
5.66141e-07
5.59902e-07
5.53667e-07
5.47435e-07
5.41206e-07
5.34981e-07
5.2876e-07
5.22542e-07
5.16327e-07
5.10116e-07
5.03908e-07
4.97703e-07
4.91502e-07
4.85303e-07
4.79107e-07
4.72915e-07
4.66725e-07
4.60538e-07
4.54353e-07
4.48172e-07
4.41993e-07
4.35816e-07
4.29642e-07
4.23471e-07
4.17302e-07
4.11136e-07
4.04972e-07
3.98811e-07
3.92652e-07
3.86496e-07
3.80343e-07
3.74192e-07
3.68044e-07
3.61898e-07
3.55756e-07
3.49615e-07
3.43477e-07
3.37342e-07
3.31209e-07
3.25078e-07
3.18951e-07
3.12825e-07
3.06702e-07
3.0058e-07
2.94462e-07
2.88346e-07
2.82233e-07
2.76125e-07
2.7002e-07
2.63917e-07
2.57813e-07
2.5171e-07
2.45608e-07
2.3951e-07
2.33415e-07
2.27322e-07
2.21231e-07
2.15143e-07
2.09058e-07
2.02977e-07
1.969e-07
1.90826e-07
1.84756e-07
1.78687e-07
1.7262e-07
1.66554e-07
1.60486e-07
1.54417e-07
1.48347e-07
1.4228e-07
1.36216e-07
1.30152e-07
1.24087e-07
1.18021e-07
1.11957e-07
1.05896e-07
9.98395e-08
9.37865e-08
8.77356e-08
8.16856e-08
7.56353e-08
6.95849e-08
6.35359e-08
5.7491e-08
5.14478e-08
4.5399e-08
3.93454e-08
3.32929e-08
2.72432e-08
2.11945e-08
1.51436e-08
9.0901e-09
3.03061e-09
)
;

boundaryField
{
    inlet
    {
        type            zeroGradient;
    }
    outlet
    {
        type            fixedValue;
        value           uniform 0;
    }
    walls
    {
        type            zeroGradient;
    }
    frontAndBack
    {
        type            empty;
    }
}


// ************************************************************************* //
