/*--------------------------------*- C++ -*----------------------------------*\
| =========                 |                                                 |
| \\      /  F ield         | OpenFOAM: The Open Source CFD Toolbox           |
|  \\    /   O peration     | Version:  2412                                  |
|   \\  /    A nd           | Website:  www.openfoam.com                      |
|    \\/     M anipulation  |                                                 |
\*---------------------------------------------------------------------------*/
FoamFile
{
    version     2.0;
    format      ascii;
    arch        "LSB;label=32;scalar=64";
    class       surfaceScalarField;
    location    "107";
    object      phi;
}
// * * * * * * * * * * * * * * * * * * * * * * * * * * * * * * * * * * * * * //

dimensions      [0 3 -1 0 0 0 0];

oriented        oriented;

internalField   nonuniform List<scalar> 
7780
(
4.40288e-08
5.97126e-09
3.64721e-08
7.55676e-09
3.00493e-08
6.4228e-09
2.48666e-08
5.18264e-09
2.10294e-08
3.83716e-09
1.82035e-08
2.82586e-09
1.61722e-08
2.0312e-09
1.47155e-08
1.45671e-09
1.36539e-08
1.06161e-09
1.28605e-08
7.93434e-10
1.22504e-08
6.10139e-10
1.17678e-08
4.82593e-10
1.13762e-08
3.91549e-10
1.10516e-08
3.24643e-10
1.07775e-08
2.74109e-10
1.05425e-08
2.35013e-10
1.03383e-08
2.04158e-10
1.01589e-08
1.79407e-10
9.99965e-09
1.59277e-10
9.85695e-09
1.42702e-10
9.72806e-09
1.28892e-10
9.61081e-09
1.17261e-10
9.50344e-09
1.07364e-10
9.40458e-09
9.88609e-11
9.3131e-09
9.14854e-11
9.22807e-09
8.50314e-11
9.14873e-09
7.93365e-11
9.07446e-09
7.42725e-11
9.00473e-09
6.97369e-11
8.93908e-09
6.56481e-11
8.87714e-09
6.194e-11
8.81858e-09
5.85591e-11
8.76312e-09
5.54615e-11
8.71051e-09
5.2611e-11
8.66053e-09
4.99778e-11
8.613e-09
4.75368e-11
8.56773e-09
4.52668e-11
8.52458e-09
4.31498e-11
8.48341e-09
4.11706e-11
8.4441e-09
3.93159e-11
8.40652e-09
3.75742e-11
8.37059e-09
3.59355e-11
8.3362e-09
3.43911e-11
8.30327e-09
3.29331e-11
8.27171e-09
3.15547e-11
8.24147e-09
3.02498e-11
8.21245e-09
2.90128e-11
8.18462e-09
2.7839e-11
8.15789e-09
2.67238e-11
8.13223e-09
2.56633e-11
8.10758e-09
2.46538e-11
8.08389e-09
2.36922e-11
8.06112e-09
2.27754e-11
8.03922e-09
2.19008e-11
8.01816e-09
2.10661e-11
7.99789e-09
2.02688e-11
7.97838e-09
1.95071e-11
7.95961e-09
1.8779e-11
7.94153e-09
1.80827e-11
7.92412e-09
1.74164e-11
7.90734e-09
1.67784e-11
7.89118e-09
1.61666e-11
7.8756e-09
1.55792e-11
7.8606e-09
1.50136e-11
7.84613e-09
1.44677e-11
7.8322e-09
1.39384e-11
7.81878e-09
1.34229e-11
7.80587e-09
1.29178e-11
7.79346e-09
1.24201e-11
7.78154e-09
1.1926e-11
7.77011e-09
1.14332e-11
7.75918e-09
1.09383e-11
7.74874e-09
1.04399e-11
7.73881e-09
9.93607e-12
7.72938e-09
9.427e-12
7.72047e-09
8.91274e-12
7.71208e-09
8.39535e-12
7.7042e-09
7.87703e-12
7.69683e-09
7.36144e-12
7.68997e-09
6.85257e-12
7.68361e-09
6.35492e-12
7.67773e-09
5.87335e-12
7.67231e-09
5.41213e-12
7.66733e-09
4.97591e-12
7.66275e-09
4.56769e-12
7.65855e-09
4.19101e-12
7.6547e-09
3.8469e-12
7.65115e-09
3.53731e-12
7.64789e-09
3.26113e-12
7.64486e-09
3.01875e-12
7.64205e-09
2.80729e-12
7.63942e-09
2.62596e-12
7.63694e-09
2.47073e-12
7.6346e-09
2.34027e-12
7.63237e-09
2.23014e-12
7.63023e-09
2.13903e-12
7.62816e-09
2.06268e-12
7.62617e-09
2.00017e-12
7.62422e-09
1.94768e-12
7.62231e-09
1.90482e-12
7.62045e-09
1.86834e-12
7.61861e-09
1.83839e-12
7.6168e-09
1.81225e-12
7.61501e-09
1.79048e-12
7.61324e-09
1.77065e-12
7.61149e-09
1.75354e-12
7.60976e-09
1.73697e-12
7.60804e-09
1.72191e-12
7.60634e-09
1.70654e-12
7.60465e-09
1.69216e-12
7.60297e-09
1.67728e-12
7.60131e-09
1.66353e-12
7.59966e-09
1.64973e-12
7.59803e-09
1.63766e-12
7.5964e-09
1.62615e-12
7.59479e-09
1.61674e-12
7.59318e-09
1.60807e-12
7.59158e-09
1.60131e-12
7.58999e-09
1.59497e-12
7.5884e-09
1.58978e-12
7.58682e-09
1.58474e-12
7.58524e-09
1.58005e-12
7.58367e-09
1.57585e-12
7.5821e-09
1.57222e-12
7.58053e-09
1.56813e-12
7.57896e-09
1.56641e-12
7.5774e-09
1.56385e-12
7.57584e-09
1.56164e-12
7.57429e-09
1.55692e-12
7.57274e-09
1.55068e-12
7.57119e-09
1.54328e-12
7.56966e-09
1.53836e-12
7.56812e-09
1.53547e-12
7.56658e-09
1.53723e-12
7.56504e-09
1.54383e-12
7.56348e-09
1.55764e-12
7.5619e-09
1.57825e-12
7.5603e-09
1.60722e-12
7.55866e-09
1.6437e-12
7.55697e-09
1.68676e-12
7.55524e-09
1.73628e-12
7.55345e-09
1.78941e-12
7.55161e-09
1.84645e-12
7.54972e-09
1.90484e-12
7.54777e-09
1.96069e-12
7.54577e-09
2.00742e-12
7.54375e-09
2.03521e-12
7.54173e-09
2.03467e-12
7.53974e-09
2.00595e-12
7.5378e-09
1.94772e-12
7.53594e-09
1.87164e-12
7.53416e-09
1.78679e-12
7.53247e-09
1.70346e-12
7.53086e-09
1.6155e-12
7.52935e-09
1.51492e-12
7.52792e-09
1.43294e-12
7.52656e-09
1.35273e-12
7.52531e-09
1.24783e-12
7.52417e-09
1.128e-12
7.5232e-09
9.76393e-13
7.52247e-09
7.32195e-13
7.52181e-09
6.59761e-13
7.52104e-09
7.7581e-13
7.52032e-09
7.24974e-13
7.51986e-09
4.57771e-13
7.51964e-09
2.22477e-13
7.51949e-09
1.38024e-13
7.51939e-09
9.95519e-14
7.51931e-09
7.40983e-14
7.51928e-09
2.83397e-14
7.51936e-09
-9.63177e-14
7.51962e-09
-2.67806e-13
7.51999e-09
-3.87679e-13
7.52045e-09
-4.74389e-13
7.52103e-09
-5.92442e-13
7.52173e-09
-7.10657e-13
7.52246e-09
-7.37143e-13
7.52316e-09
-6.8873e-13
7.52385e-09
-6.88112e-13
7.52458e-09
-7.21868e-13
7.5253e-09
-7.11113e-13
7.52592e-09
-6.19214e-13
7.52646e-09
-5.40969e-13
7.52684e-09
-3.73864e-13
7.527e-09
-1.55974e-13
7.52708e-09
-8.87843e-14
7.5272e-09
-1.26731e-13
7.52729e-09
-8.7935e-14
7.52733e-09
-3.67281e-14
7.52734e-09
-6.30417e-15
7.52747e-09
-1.08262e-13
7.5276e-09
-1.11049e-13
7.52752e-09
8.54545e-14
7.52732e-09
2.11793e-13
7.52716e-09
1.65579e-13
7.52715e-09
5.59963e-15
7.5271e-09
4.86271e-14
7.5269e-09
1.93937e-13
7.5267e-09
1.8663e-13
1.86449e-13
5.23565e-08
3.61476e-09
5.26985e-08
7.21478e-09
5.13961e-08
7.7253e-09
4.91329e-08
7.44577e-09
4.63642e-08
6.60589e-09
4.35008e-08
5.68927e-09
4.08585e-08
4.67347e-09
3.85158e-08
3.79941e-09
3.65014e-08
3.07598e-09
3.47984e-08
2.49641e-09
3.33687e-08
2.03981e-09
3.21685e-08
1.68283e-09
3.11563e-08
1.40372e-09
3.02967e-08
1.18431e-09
2.95603e-08
1.01049e-09
2.89238e-08
8.71504e-10
2.83687e-08
7.59284e-10
2.78803e-08
6.67809e-10
2.7447e-08
5.92552e-10
2.70597e-08
5.30058e-10
2.67109e-08
4.77679e-10
2.63948e-08
4.33386e-10
2.61065e-08
3.95606e-10
2.58423e-08
3.63109e-10
2.55988e-08
3.3493e-10
2.53736e-08
3.10302e-10
2.51643e-08
2.88618e-10
2.49692e-08
2.6939e-10
2.47867e-08
2.52227e-10
2.46155e-08
2.3681e-10
2.44546e-08
2.22884e-10
2.43029e-08
2.10236e-10
2.41597e-08
1.98694e-10
2.40242e-08
1.88114e-10
2.38958e-08
1.78377e-10
2.37739e-08
1.69382e-10
2.36581e-08
1.61045e-10
2.3548e-08
1.53295e-10
2.34431e-08
1.4607e-10
2.33431e-08
1.39318e-10
2.32477e-08
1.32993e-10
2.31566e-08
1.27056e-10
2.30695e-08
1.21472e-10
2.29862e-08
1.16212e-10
2.29065e-08
1.11247e-10
2.28302e-08
1.06556e-10
2.27571e-08
1.02116e-10
2.2687e-08
9.79091e-11
2.26198e-08
9.39178e-11
2.25554e-08
9.01272e-11
2.24935e-08
8.65235e-11
2.24341e-08
8.30945e-11
2.23771e-08
7.98288e-11
2.23223e-08
7.67164e-11
2.22696e-08
7.37478e-11
2.22189e-08
7.09145e-11
2.21702e-08
6.82087e-11
2.21234e-08
6.56228e-11
2.20783e-08
6.31496e-11
2.2035e-08
6.07821e-11
2.19932e-08
5.85132e-11
2.19531e-08
5.63355e-11
2.19144e-08
5.4241e-11
2.18772e-08
5.22215e-11
2.18414e-08
5.02676e-11
2.1807e-08
4.83699e-11
2.17739e-08
4.65177e-11
2.17421e-08
4.4701e-11
2.17116e-08
4.29086e-11
2.16824e-08
4.1131e-11
2.16545e-08
3.93586e-11
2.16279e-08
3.75845e-11
2.16025e-08
3.58028e-11
2.15785e-08
3.40113e-11
2.15557e-08
3.22098e-11
2.15342e-08
3.04022e-11
2.1514e-08
2.85946e-11
2.14951e-08
2.67966e-11
2.14774e-08
2.50199e-11
2.1461e-08
2.32781e-11
2.14457e-08
2.15859e-11
2.14316e-08
1.99577e-11
2.14186e-08
1.84079e-11
2.14067e-08
1.69483e-11
2.13956e-08
1.55899e-11
2.13855e-08
1.43395e-11
2.13761e-08
1.32026e-11
2.13674e-08
1.21799e-11
2.13594e-08
1.12711e-11
2.1352e-08
1.04714e-11
2.1345e-08
9.77568e-12
2.13384e-08
9.17533e-12
2.13322e-08
8.66245e-12
2.13264e-08
8.22659e-12
2.13207e-08
7.85915e-12
2.13153e-08
7.54984e-12
2.13101e-08
7.29096e-12
2.1305e-08
7.07359e-12
2.13001e-08
6.89163e-12
2.12952e-08
6.7379e-12
2.12905e-08
6.6081e-12
2.12858e-08
6.49679e-12
2.12813e-08
6.40121e-12
2.12767e-08
6.31718e-12
2.12723e-08
6.2429e-12
2.12678e-08
6.17508e-12
2.12635e-08
6.11266e-12
2.12591e-08
6.05322e-12
2.12549e-08
5.99671e-12
2.12506e-08
5.94187e-12
2.12464e-08
5.88958e-12
2.12422e-08
5.83945e-12
2.12381e-08
5.793e-12
2.1234e-08
5.7502e-12
2.12299e-08
5.71259e-12
2.12258e-08
5.67959e-12
2.12218e-08
5.65218e-12
2.12178e-08
5.62894e-12
2.12137e-08
5.61036e-12
2.12097e-08
5.59391e-12
2.12058e-08
5.58118e-12
2.12018e-08
5.56782e-12
2.11978e-08
5.55864e-12
2.11938e-08
5.54919e-12
2.11898e-08
5.54253e-12
2.11859e-08
5.54224e-12
2.11819e-08
5.54242e-12
2.11779e-08
5.5415e-12
2.11739e-08
5.53611e-12
2.117e-08
5.52581e-12
2.1166e-08
5.51806e-12
2.1162e-08
5.51902e-12
2.1158e-08
5.53218e-12
2.1154e-08
5.55969e-12
2.11499e-08
5.60555e-12
2.11458e-08
5.67109e-12
2.11416e-08
5.75951e-12
2.11374e-08
5.87129e-12
2.1133e-08
6.00711e-12
2.11285e-08
6.16004e-12
2.11239e-08
6.33053e-12
2.11192e-08
6.50464e-12
2.11144e-08
6.68379e-12
2.11095e-08
6.85701e-12
2.11044e-08
7.01389e-12
2.10993e-08
7.12984e-12
2.10942e-08
7.17565e-12
2.10891e-08
7.12791e-12
2.10841e-08
6.99133e-12
2.10793e-08
6.77047e-12
2.10747e-08
6.49539e-12
2.10703e-08
6.18463e-12
2.10662e-08
5.86325e-12
2.10623e-08
5.53332e-12
2.10586e-08
5.16643e-12
2.10552e-08
4.83357e-12
2.10521e-08
4.49722e-12
2.10492e-08
4.09241e-12
2.10467e-08
3.63897e-12
2.10446e-08
3.0892e-12
2.1043e-08
2.37381e-12
2.10415e-08
2.12079e-12
2.10401e-08
2.19284e-12
2.10389e-08
1.88591e-12
2.10383e-08
1.07093e-12
2.10382e-08
3.46372e-13
2.10382e-08
9.51524e-14
2.10383e-08
2.9816e-14
2.10385e-08
-9.55243e-14
2.10388e-08
-3.36427e-13
2.10395e-08
-8.2654e-13
2.10406e-08
-1.33544e-12
2.10418e-08
-1.59695e-12
2.10431e-08
-1.84726e-12
2.10448e-08
-2.25337e-12
2.10466e-08
-2.54946e-12
2.10484e-08
-2.50898e-12
2.10501e-08
-2.36358e-12
2.10518e-08
-2.38557e-12
2.10534e-08
-2.39544e-12
2.10549e-08
-2.19059e-12
2.10562e-08
-1.89858e-12
2.10574e-08
-1.6721e-12
2.10582e-08
-1.24001e-12
2.10589e-08
-8.76822e-13
2.10595e-08
-7.01644e-13
2.10599e-08
-4.75818e-13
2.10602e-08
-4.10322e-13
2.10606e-08
-4.63649e-13
2.10608e-08
-1.43529e-13
2.10607e-08
-1.70598e-14
2.10608e-08
-1.95323e-13
2.1061e-08
-9.73573e-14
2.1061e-08
1.8966e-13
2.10608e-08
4.56162e-13
2.10602e-08
6.01038e-13
2.10594e-08
8.04768e-13
2.10587e-08
8.98906e-13
2.10582e-08
6.26266e-13
5.77427e-13
5.16269e-08
1.98792e-09
5.3752e-08
5.0897e-09
5.50477e-08
6.42961e-09
5.55942e-08
6.89924e-09
5.54299e-08
6.77015e-09
5.47433e-08
6.37581e-09
5.36563e-08
5.7605e-09
5.23708e-08
5.08485e-09
5.10175e-08
4.42928e-09
4.96818e-08
3.83213e-09
4.84159e-08
3.30567e-09
4.72459e-08
2.85284e-09
4.61812e-08
2.4685e-09
4.52207e-08
2.14473e-09
4.43582e-08
1.87305e-09
4.35845e-08
1.64516e-09
4.289e-08
1.45379e-09
4.22652e-08
1.29269e-09
4.17011e-08
1.1566e-09
4.11901e-08
1.0411e-09
4.07252e-08
9.42557e-10
4.03006e-08
8.57999e-10
3.99112e-08
7.85016e-10
3.95527e-08
7.21636e-10
3.92213e-08
6.66256e-10
3.89141e-08
6.17565e-10
3.86282e-08
5.74495e-10
3.83614e-08
5.36172e-10
3.81118e-08
5.01877e-10
3.78776e-08
4.71021e-10
3.76573e-08
4.43116e-10
3.74498e-08
4.17758e-10
3.72539e-08
3.94611e-10
3.70686e-08
3.73394e-10
3.68931e-08
3.53872e-10
3.67267e-08
3.35846e-10
3.65685e-08
3.19147e-10
3.64182e-08
3.03632e-10
3.62751e-08
2.89177e-10
3.61388e-08
2.75675e-10
3.60087e-08
2.63036e-10
3.58846e-08
2.51179e-10
3.5766e-08
2.40034e-10
3.56527e-08
2.2954e-10
3.55443e-08
2.19643e-10
3.54406e-08
2.10294e-10
3.53412e-08
2.01451e-10
3.52461e-08
1.93076e-10
3.51549e-08
1.85134e-10
3.50674e-08
1.77594e-10
3.49835e-08
1.7043e-10
3.4903e-08
1.63615e-10
3.48257e-08
1.57128e-10
3.47514e-08
1.50946e-10
3.46801e-08
1.45052e-10
3.46116e-08
1.39426e-10
3.45458e-08
1.34054e-10
3.44825e-08
1.28919e-10
3.44216e-08
1.24005e-10
3.43631e-08
1.19298e-10
3.43069e-08
1.14783e-10
3.42528e-08
1.10443e-10
3.42007e-08
1.06262e-10
3.41507e-08
1.02222e-10
3.41027e-08
9.83056e-11
3.40566e-08
9.44927e-11
3.40123e-08
9.07637e-11
3.397e-08
8.70988e-11
3.39294e-08
8.3479e-11
3.38906e-08
7.98868e-11
3.38537e-08
7.63075e-11
3.38186e-08
7.27297e-11
3.37852e-08
6.91468e-11
3.37537e-08
6.55569e-11
3.37239e-08
6.19644e-11
3.36959e-08
5.83786e-11
3.36697e-08
5.48147e-11
3.36452e-08
5.12925e-11
3.36224e-08
4.78353e-11
3.36012e-08
4.44691e-11
3.35816e-08
4.12205e-11
3.35634e-08
3.81155e-11
3.35466e-08
3.5178e-11
3.35311e-08
3.24284e-11
3.35168e-08
2.98825e-11
3.35036e-08
2.7551e-11
3.34914e-08
2.5439e-11
3.348e-08
2.35464e-11
3.34694e-08
2.18677e-11
3.34595e-08
2.03935e-11
3.34501e-08
1.91105e-11
3.34413e-08
1.80029e-11
3.34329e-08
1.70534e-11
3.34249e-08
1.62442e-11
3.34172e-08
1.5557e-11
3.34098e-08
1.4975e-11
3.34026e-08
1.44823e-11
3.33956e-08
1.40651e-11
3.33888e-08
1.37104e-11
3.33821e-08
1.34077e-11
3.33756e-08
1.31474e-11
3.33691e-08
1.2922e-11
3.33628e-08
1.27246e-11
3.33566e-08
1.255e-11
3.33504e-08
1.2393e-11
3.33444e-08
1.22498e-11
3.33384e-08
1.21169e-11
3.33324e-08
1.19921e-11
3.33265e-08
1.18739e-11
3.33207e-08
1.1762e-11
3.3315e-08
1.16564e-11
3.33092e-08
1.15584e-11
3.33036e-08
1.14686e-11
3.32979e-08
1.13884e-11
3.32923e-08
1.13184e-11
3.32868e-08
1.1259e-11
3.32812e-08
1.12098e-11
3.32757e-08
1.11699e-11
3.32701e-08
1.11385e-11
3.32646e-08
1.11127e-11
3.32591e-08
1.10944e-11
3.32536e-08
1.1077e-11
3.32481e-08
1.1069e-11
3.32426e-08
1.10614e-11
3.32371e-08
1.10612e-11
3.32315e-08
1.10762e-11
3.3226e-08
1.10899e-11
3.32204e-08
1.11047e-11
3.32148e-08
1.11128e-11
3.32093e-08
1.11176e-11
3.32036e-08
1.11336e-11
3.3198e-08
1.11735e-11
3.31923e-08
1.12408e-11
3.31865e-08
1.13399e-11
3.31806e-08
1.14742e-11
3.31747e-08
1.16448e-11
3.31686e-08
1.1854e-11
3.31623e-08
1.21024e-11
3.3156e-08
1.23889e-11
3.31494e-08
1.26993e-11
3.31427e-08
1.30335e-11
3.31359e-08
1.33577e-11
3.31289e-08
1.36776e-11
3.31218e-08
1.39665e-11
3.31146e-08
1.42084e-11
3.31074e-08
1.43588e-11
3.31002e-08
1.4358e-11
3.30932e-08
1.41769e-11
3.30863e-08
1.38236e-11
3.30798e-08
1.33264e-11
3.30736e-08
1.27426e-11
3.30677e-08
1.20889e-11
3.30621e-08
1.13952e-11
3.3057e-08
1.06981e-11
3.30522e-08
9.95409e-12
3.30478e-08
9.21851e-12
3.30438e-08
8.477e-12
3.30403e-08
7.65097e-12
3.30372e-08
6.73106e-12
3.30346e-08
5.63016e-12
3.30326e-08
4.44967e-12
3.30306e-08
4.06095e-12
3.30293e-08
3.51385e-12
3.30291e-08
2.05827e-12
3.30293e-08
9.2058e-13
3.30296e-08
1.26499e-14
3.30302e-08
-5.3898e-13
3.3031e-08
-7.41598e-13
3.30319e-08
-9.5989e-13
3.3033e-08
-1.44208e-12
3.30346e-08
-2.48234e-12
3.30366e-08
-3.33123e-12
3.30386e-08
-3.60481e-12
3.30408e-08
-4.03611e-12
3.30433e-08
-4.85538e-12
3.3046e-08
-5.22114e-12
3.30484e-08
-4.90603e-12
3.30507e-08
-4.67344e-12
3.30531e-08
-4.76135e-12
3.30552e-08
-4.44087e-12
3.30567e-08
-3.70504e-12
3.30581e-08
-3.33761e-12
3.30592e-08
-2.75483e-12
3.30598e-08
-1.81135e-12
3.30605e-08
-1.59466e-12
3.30615e-08
-1.65121e-12
3.3062e-08
-1.06856e-12
3.3062e-08
-3.40285e-13
3.30621e-08
-6.03638e-13
3.30626e-08
-6.23566e-13
3.30628e-08
-2.16763e-13
3.30625e-08
1.03341e-13
3.30624e-08
3.58629e-14
3.30625e-08
7.33113e-14
3.30625e-08
4.72431e-13
3.30622e-08
9.32691e-13
3.30612e-08
1.78373e-12
3.30599e-08
2.16328e-12
3.30591e-08
1.47878e-12
1.30948e-12
5.07869e-08
1.20097e-09
5.25416e-08
3.335e-09
5.42844e-08
4.6869e-09
5.57239e-08
5.45966e-09
5.67292e-08
5.76485e-09
5.73656e-08
5.73938e-09
5.76384e-08
5.48769e-09
5.76113e-08
5.11194e-09
5.73537e-08
4.68682e-09
5.69379e-08
4.24792e-09
5.64243e-08
3.81929e-09
5.58547e-08
3.42246e-09
5.52612e-08
3.06196e-09
5.46665e-08
2.73952e-09
5.4085e-08
2.45446e-09
5.35263e-08
2.20393e-09
5.29953e-08
1.98479e-09
5.24943e-08
1.79363e-09
5.20239e-08
1.62705e-09
5.15833e-08
1.48174e-09
5.11711e-08
1.3547e-09
5.07858e-08
1.24336e-09
5.04253e-08
1.14546e-09
5.00879e-08
1.05905e-09
4.97717e-08
9.82463e-10
4.9475e-08
9.14298e-10
4.91961e-08
8.53356e-10
4.89336e-08
7.9863e-10
4.86863e-08
7.49266e-10
4.84527e-08
7.04548e-10
4.8232e-08
6.63869e-10
4.8023e-08
6.26716e-10
4.7825e-08
5.92656e-10
4.7637e-08
5.6132e-10
4.74585e-08
5.32393e-10
4.72888e-08
5.05608e-10
4.71272e-08
4.80736e-10
4.69732e-08
4.57576e-10
4.68265e-08
4.35959e-10
4.66864e-08
4.15736e-10
4.65527e-08
3.96777e-10
4.64249e-08
3.78969e-10
4.63027e-08
3.62212e-10
4.61858e-08
3.46417e-10
4.60739e-08
3.31508e-10
4.59668e-08
3.17413e-10
4.58642e-08
3.04072e-10
4.57659e-08
2.91428e-10
4.56716e-08
2.79432e-10
4.55811e-08
2.68039e-10
4.54943e-08
2.57207e-10
4.54111e-08
2.469e-10
4.53311e-08
2.37084e-10
4.52543e-08
2.27727e-10
4.51806e-08
2.18801e-10
4.51097e-08
2.10279e-10
4.50416e-08
2.02136e-10
4.49762e-08
1.94346e-10
4.49133e-08
1.86886e-10
4.48529e-08
1.79733e-10
4.47948e-08
1.72861e-10
4.4739e-08
1.66246e-10
4.46854e-08
1.59862e-10
4.4634e-08
1.53682e-10
4.45846e-08
1.47677e-10
4.45373e-08
1.41818e-10
4.4492e-08
1.36077e-10
4.44487e-08
1.30426e-10
4.44073e-08
1.24839e-10
4.43679e-08
1.19292e-10
4.43304e-08
1.13768e-10
4.42949e-08
1.08255e-10
4.42613e-08
1.02748e-10
4.42296e-08
9.72488e-11
4.41998e-08
9.17682e-11
4.41719e-08
8.63247e-11
4.41457e-08
8.09434e-11
4.41214e-08
7.56557e-11
4.40987e-08
7.04968e-11
4.40777e-08
6.55039e-11
4.40582e-08
6.07145e-11
4.40401e-08
5.61635e-11
4.40234e-08
5.18819e-11
4.40079e-08
4.78947e-11
4.39936e-08
4.422e-11
4.39803e-08
4.08682e-11
4.39679e-08
3.7842e-11
4.39563e-08
3.51364e-11
4.39454e-08
3.274e-11
4.39351e-08
3.06357e-11
4.39255e-08
2.88023e-11
4.39162e-08
2.72153e-11
4.39074e-08
2.58491e-11
4.3899e-08
2.46775e-11
4.38909e-08
2.36751e-11
4.3883e-08
2.2818e-11
4.38754e-08
2.20847e-11
4.3868e-08
2.14557e-11
4.38608e-08
2.09145e-11
4.38538e-08
2.0446e-11
4.38469e-08
2.00382e-11
4.38402e-08
1.96805e-11
4.38335e-08
1.93643e-11
4.3827e-08
1.90818e-11
4.38206e-08
1.8827e-11
4.38142e-08
1.85943e-11
4.3808e-08
1.83796e-11
4.38018e-08
1.81799e-11
4.37957e-08
1.79936e-11
4.37896e-08
1.78203e-11
4.37836e-08
1.76607e-11
4.37776e-08
1.75156e-11
4.37717e-08
1.7386e-11
4.37658e-08
1.7273e-11
4.376e-08
1.71771e-11
4.37541e-08
1.70977e-11
4.37483e-08
1.70345e-11
4.37425e-08
1.69854e-11
4.37367e-08
1.69499e-11
4.37309e-08
1.69234e-11
4.37251e-08
1.69091e-11
4.37193e-08
1.68973e-11
4.37134e-08
1.69052e-11
4.37076e-08
1.69127e-11
4.37017e-08
1.69403e-11
4.36958e-08
1.69959e-11
4.36898e-08
1.70396e-11
4.36838e-08
1.70875e-11
4.36778e-08
1.71332e-11
4.36718e-08
1.71831e-11
4.36656e-08
1.72613e-11
4.36594e-08
1.73839e-11
4.36531e-08
1.75524e-11
4.36467e-08
1.77716e-11
4.36401e-08
1.80457e-11
4.36334e-08
1.83705e-11
4.36265e-08
1.87459e-11
4.36194e-08
1.91673e-11
4.36122e-08
1.96316e-11
4.36048e-08
2.0117e-11
4.35972e-08
2.0627e-11
4.35894e-08
2.10975e-11
4.35816e-08
2.15457e-11
4.35736e-08
2.19236e-11
4.35656e-08
2.22281e-11
4.35576e-08
2.23782e-11
4.35497e-08
2.22792e-11
4.3542e-08
2.19032e-11
4.35346e-08
2.12443e-11
4.35275e-08
2.04038e-11
4.35208e-08
1.94486e-11
4.35145e-08
1.83988e-11
4.35086e-08
1.72913e-11
4.35032e-08
1.61585e-11
4.34981e-08
1.49822e-11
4.34936e-08
1.37602e-11
4.34895e-08
1.25205e-11
4.34861e-08
1.1143e-11
4.34831e-08
9.68205e-12
4.34806e-08
8.13066e-12
4.34783e-08
6.79066e-12
4.3477e-08
5.30834e-12
4.3477e-08
3.51887e-12
4.34775e-08
1.58941e-12
4.34781e-08
2.61699e-13
4.34784e-08
-2.54985e-13
4.34787e-08
-8.83758e-13
4.348e-08
-2.04283e-12
4.34822e-08
-3.13624e-12
4.34848e-08
-4.08634e-12
4.3487e-08
-4.64754e-12
4.3489e-08
-5.37345e-12
4.34918e-08
-6.36439e-12
4.34952e-08
-7.43554e-12
4.34985e-08
-8.17118e-12
4.35012e-08
-7.98794e-12
4.35039e-08
-7.61467e-12
4.3507e-08
-7.70975e-12
4.35091e-08
-6.85319e-12
4.35103e-08
-5.68614e-12
4.35118e-08
-5.17014e-12
4.35134e-08
-4.91563e-12
4.35146e-08
-3.96606e-12
4.35159e-08
-3.07676e-12
4.35166e-08
-2.33453e-12
4.35167e-08
-1.71781e-12
4.3517e-08
-1.36774e-12
4.35178e-08
-1.13955e-12
4.35179e-08
-7.16464e-13
4.35179e-08
-6.10173e-13
4.35179e-08
-2.33003e-13
4.35178e-08
2.2483e-13
4.35175e-08
3.57788e-13
4.35167e-08
8.35451e-13
4.35164e-08
7.54378e-13
4.35163e-08
1.03146e-12
4.35164e-08
1.72484e-12
4.35163e-08
2.27196e-12
4.35151e-08
2.6231e-12
2.74188e-12
5.0429e-08
7.71952e-10
5.15294e-08
2.23464e-09
5.29036e-08
3.31272e-09
5.43478e-08
4.0154e-09
5.56727e-08
4.44002e-09
5.67938e-08
4.61826e-09
5.76713e-08
4.61014e-09
5.83267e-08
4.45658e-09
5.87966e-08
4.21687e-09
5.91067e-08
3.93787e-09
5.92798e-08
3.64612e-09
5.93434e-08
3.35894e-09
5.93211e-08
3.0842e-09
5.92353e-08
2.82532e-09
5.91025e-08
2.5873e-09
5.89363e-08
2.37011e-09
5.87476e-08
2.17355e-09
5.85445e-08
1.99668e-09
5.83333e-08
1.83825e-09
5.81187e-08
1.69637e-09
5.79041e-08
1.5693e-09
5.7692e-08
1.45547e-09
5.7484e-08
1.35337e-09
5.72815e-08
1.26159e-09
5.70851e-08
1.17888e-09
5.68953e-08
1.10413e-09
5.67122e-08
1.03637e-09
5.65361e-08
9.74745e-10
5.63669e-08
9.18519e-10
5.62044e-08
8.67052e-10
5.60485e-08
8.19789e-10
5.58989e-08
7.76253e-10
5.57555e-08
7.36032e-10
5.56181e-08
6.98768e-10
5.54863e-08
6.64151e-10
5.536e-08
6.31914e-10
5.52389e-08
6.01821e-10
5.51229e-08
5.7367e-10
5.50115e-08
5.47282e-10
5.49048e-08
5.22499e-10
5.48024e-08
4.99184e-10
5.47041e-08
4.77213e-10
5.46099e-08
4.56479e-10
5.45194e-08
4.36884e-10
5.44326e-08
4.18342e-10
5.43492e-08
4.00776e-10
5.42692e-08
3.84115e-10
5.41923e-08
3.68297e-10
5.41185e-08
3.53264e-10
5.40475e-08
3.38965e-10
5.39794e-08
3.25351e-10
5.39139e-08
3.12381e-10
5.3851e-08
3.00014e-10
5.37905e-08
2.88212e-10
5.37324e-08
2.76941e-10
5.36765e-08
2.66169e-10
5.36227e-08
2.55864e-10
5.35711e-08
2.45995e-10
5.35214e-08
2.36533e-10
5.34737e-08
2.27446e-10
5.34279e-08
2.18704e-10
5.33839e-08
2.10274e-10
5.33416e-08
2.02123e-10
5.33011e-08
1.94217e-10
5.32622e-08
1.8652e-10
5.32251e-08
1.78997e-10
5.31895e-08
1.71613e-10
5.31556e-08
1.64335e-10
5.31233e-08
1.57134e-10
5.30926e-08
1.49985e-10
5.30635e-08
1.4287e-10
5.3036e-08
1.3578e-10
5.30101e-08
1.28713e-10
5.29856e-08
1.21678e-10
5.29627e-08
1.14692e-10
5.29413e-08
1.07782e-10
5.29212e-08
1.00982e-10
5.29025e-08
9.4332e-11
5.28852e-08
8.78763e-11
5.2869e-08
8.16592e-11
5.2854e-08
7.5724e-11
5.284e-08
7.011e-11
5.28271e-08
6.48503e-11
5.2815e-08
5.99705e-11
5.28037e-08
5.54869e-11
5.27932e-08
5.14067e-11
5.27833e-08
4.7728e-11
5.2774e-08
4.44403e-11
5.27652e-08
4.15257e-11
5.27568e-08
3.89607e-11
5.27489e-08
3.67171e-11
5.27414e-08
3.47646e-11
5.27341e-08
3.30714e-11
5.27272e-08
3.16064e-11
5.27206e-08
3.03396e-11
5.27141e-08
2.92435e-11
5.27079e-08
2.82935e-11
5.27019e-08
2.7468e-11
5.26961e-08
2.67479e-11
5.26904e-08
2.61173e-11
5.26849e-08
2.55621e-11
5.26795e-08
2.50709e-11
5.26742e-08
2.46338e-11
5.26691e-08
2.42427e-11
5.2664e-08
2.38902e-11
5.2659e-08
2.35706e-11
5.26541e-08
2.32791e-11
5.26493e-08
2.30123e-11
5.26445e-08
2.27684e-11
5.26398e-08
2.2547e-11
5.26351e-08
2.23481e-11
5.26305e-08
2.21726e-11
5.26258e-08
2.20207e-11
5.26212e-08
2.18928e-11
5.26166e-08
2.17883e-11
5.2612e-08
2.17063e-11
5.26074e-08
2.16454e-11
5.26028e-08
2.16037e-11
5.25981e-08
2.15799e-11
5.25935e-08
2.15702e-11
5.25888e-08
2.15772e-11
5.25841e-08
2.15899e-11
5.25794e-08
2.16326e-11
5.25747e-08
2.16708e-11
5.25698e-08
2.17493e-11
5.2565e-08
2.18804e-11
5.256e-08
2.19779e-11
5.2555e-08
2.20744e-11
5.255e-08
2.21816e-11
5.25449e-08
2.2314e-11
5.25396e-08
2.24988e-11
5.25343e-08
2.27504e-11
5.25287e-08
2.30638e-11
5.25231e-08
2.34419e-11
5.25172e-08
2.38897e-11
5.25112e-08
2.43988e-11
5.2505e-08
2.49659e-11
5.24986e-08
2.55768e-11
5.2492e-08
2.62211e-11
5.24852e-08
2.68721e-11
5.24783e-08
2.75454e-11
5.24713e-08
2.81423e-11
5.24641e-08
2.87041e-11
5.24569e-08
2.91534e-11
5.24496e-08
2.95385e-11
5.24423e-08
2.97047e-11
5.2435e-08
2.95199e-11
5.2428e-08
2.89601e-11
5.24213e-08
2.79724e-11
5.24149e-08
2.68286e-11
5.24087e-08
2.55599e-11
5.2403e-08
2.41341e-11
5.23976e-08
2.26599e-11
5.23927e-08
2.1134e-11
5.23882e-08
1.95111e-11
5.23842e-08
1.77488e-11
5.23808e-08
1.58913e-11
5.2378e-08
1.397e-11
5.23757e-08
1.19846e-11
5.23739e-08
9.87914e-12
5.23728e-08
7.90978e-12
5.23724e-08
5.76069e-12
5.23725e-08
3.36927e-12
5.23726e-08
1.51404e-12
5.23729e-08
-1.10316e-13
5.23747e-08
-2.03738e-12
5.23774e-08
-3.6219e-12
5.23802e-08
-4.79824e-12
5.23828e-08
-5.76726e-12
5.23855e-08
-6.75966e-12
5.23885e-08
-7.63914e-12
5.23917e-08
-8.51527e-12
5.23947e-08
-9.42703e-12
5.23976e-08
-1.03695e-11
5.24003e-08
-1.08828e-11
5.24032e-08
-1.09168e-11
5.24063e-08
-1.07155e-11
5.24084e-08
-9.79565e-12
5.24104e-08
-8.85557e-12
5.24131e-08
-8.34806e-12
5.24151e-08
-7.19206e-12
5.24161e-08
-5.89997e-12
5.24171e-08
-4.93423e-12
5.2418e-08
-3.9807e-12
5.24185e-08
-2.82003e-12
5.24187e-08
-2.01294e-12
5.2419e-08
-1.58756e-12
5.24192e-08
-1.34278e-12
5.24193e-08
-8.98863e-13
5.24192e-08
-4.52182e-13
5.24189e-08
4.21105e-14
5.24188e-08
3.49795e-13
5.24188e-08
4.22018e-13
5.24193e-08
3.35747e-13
5.24191e-08
8.83744e-13
5.24185e-08
1.70376e-12
5.24182e-08
1.94243e-12
5.24183e-08
2.16102e-12
5.24177e-08
3.29365e-12
3.6922e-12
5.02585e-08
5.13467e-10
5.09782e-08
1.51497e-09
5.19748e-08
2.3161e-09
5.31035e-08
2.88666e-09
5.42801e-08
3.2634e-09
5.54284e-08
3.46996e-09
5.65002e-08
3.53835e-09
5.7447e-08
3.50982e-09
5.82553e-08
3.40853e-09
5.89321e-08
3.26101e-09
5.94903e-08
3.08793e-09
5.9953e-08
2.89623e-09
6.03342e-08
2.70307e-09
6.06426e-08
2.5169e-09
6.08886e-08
2.3413e-09
6.10804e-08
2.17826e-09
6.12268e-08
2.02713e-09
6.13358e-08
1.88775e-09
6.14134e-08
1.76065e-09
6.14652e-08
1.64459e-09
6.1496e-08
1.53851e-09
6.15097e-08
1.44171e-09
6.15098e-08
1.35333e-09
6.14988e-08
1.27255e-09
6.14791e-08
1.19858e-09
6.14525e-08
1.13073e-09
6.14205e-08
1.06835e-09
6.13844e-08
1.01086e-09
6.13452e-08
9.57737e-10
6.13037e-08
9.08538e-10
6.12606e-08
8.62859e-10
6.12165e-08
8.20348e-10
6.11719e-08
7.80696e-10
6.1127e-08
7.43631e-10
6.10822e-08
7.08915e-10
6.10378e-08
6.76338e-10
6.09939e-08
6.45713e-10
6.09507e-08
6.16876e-10
6.09083e-08
5.89682e-10
6.08668e-08
5.64e-10
6.08263e-08
5.39716e-10
6.07868e-08
5.16724e-10
6.07483e-08
4.94932e-10
6.0711e-08
4.74256e-10
6.06747e-08
4.54619e-10
6.06395e-08
4.35953e-10
6.06054e-08
4.18195e-10
6.05724e-08
4.01287e-10
6.05405e-08
3.85178e-10
6.05097e-08
3.69818e-10
6.04799e-08
3.55163e-10
6.04511e-08
3.41173e-10
6.04233e-08
3.27808e-10
6.03965e-08
3.15033e-10
6.03706e-08
3.02813e-10
6.03456e-08
2.91115e-10
6.03216e-08
2.79907e-10
6.02984e-08
2.69157e-10
6.02761e-08
2.58834e-10
6.02547e-08
2.48906e-10
6.0234e-08
2.39338e-10
6.02142e-08
2.30097e-10
6.01952e-08
2.21146e-10
6.0177e-08
2.12449e-10
6.01595e-08
2.03968e-10
6.01429e-08
1.95667e-10
6.0127e-08
1.87509e-10
6.01119e-08
1.79462e-10
6.00975e-08
1.71498e-10
6.00839e-08
1.63593e-10
6.0071e-08
1.55734e-10
6.00589e-08
1.47913e-10
6.00475e-08
1.40134e-10
6.00367e-08
1.3241e-10
6.00267e-08
1.24763e-10
6.00172e-08
1.17224e-10
6.00084e-08
1.09832e-10
6.00001e-08
1.02629e-10
5.99923e-08
9.56619e-11
5.9985e-08
8.8975e-11
5.99781e-08
8.26114e-11
5.99716e-08
7.66086e-11
5.99654e-08
7.09968e-11
5.99596e-08
6.57979e-11
5.99541e-08
6.10242e-11
5.99488e-08
5.66783e-11
5.99438e-08
5.2754e-11
5.9939e-08
4.92363e-11
5.99344e-08
4.61041e-11
5.993e-08
4.33304e-11
5.99258e-08
4.08851e-11
5.99218e-08
3.87361e-11
5.99181e-08
3.68511e-11
5.99145e-08
3.51985e-11
5.99111e-08
3.37491e-11
5.99078e-08
3.24762e-11
5.99048e-08
3.13562e-11
5.99019e-08
3.03689e-11
5.98991e-08
2.94966e-11
5.98965e-08
2.87241e-11
5.9894e-08
2.80387e-11
5.98917e-08
2.74294e-11
5.98894e-08
2.68869e-11
5.98873e-08
2.64031e-11
5.98852e-08
2.5971e-11
5.98832e-08
2.55846e-11
5.98812e-08
2.5239e-11
5.98793e-08
2.49306e-11
5.98774e-08
2.46569e-11
5.98756e-08
2.44166e-11
5.98737e-08
2.42089e-11
5.98718e-08
2.40334e-11
5.987e-08
2.38891e-11
5.98681e-08
2.3775e-11
5.98662e-08
2.36894e-11
5.98643e-08
2.36308e-11
5.98623e-08
2.35973e-11
5.98603e-08
2.35869e-11
5.98583e-08
2.3598e-11
5.98563e-08
2.36283e-11
5.98542e-08
2.3679e-11
5.9852e-08
2.37445e-11
5.98498e-08
2.38445e-11
5.98475e-08
2.39481e-11
5.98452e-08
2.40962e-11
5.98428e-08
2.42889e-11
5.98403e-08
2.44588e-11
5.98377e-08
2.46384e-11
5.98351e-08
2.48504e-11
5.98323e-08
2.51123e-11
5.98293e-08
2.54446e-11
5.98262e-08
2.5856e-11
5.98229e-08
2.63396e-11
5.98195e-08
2.68952e-11
5.98158e-08
2.7526e-11
5.9812e-08
2.82194e-11
5.9808e-08
2.89711e-11
5.98038e-08
2.9759e-11
5.97995e-08
3.05684e-11
5.9795e-08
3.13656e-11
5.97904e-08
3.2168e-11
5.97857e-08
3.28665e-11
5.97808e-08
3.35215e-11
5.97759e-08
3.4044e-11
5.97709e-08
3.45573e-11
5.97658e-08
3.48028e-11
5.97607e-08
3.4667e-11
5.97557e-08
3.39952e-11
5.97509e-08
3.27506e-11
5.97462e-08
3.15122e-11
5.97416e-08
3.01723e-11
5.97372e-08
2.85304e-11
5.97331e-08
2.68291e-11
5.97292e-08
2.49966e-11
5.97258e-08
2.29344e-11
5.97229e-08
2.06635e-11
5.97205e-08
1.82314e-11
5.97188e-08
1.57042e-11
5.97176e-08
1.31609e-11
5.9717e-08
1.05208e-11
5.97169e-08
7.95839e-12
5.97173e-08
5.35711e-12
5.97181e-08
2.62554e-12
5.97194e-08
1.86707e-13
5.97213e-08
-2.01725e-12
5.97234e-08
-4.15e-12
5.97257e-08
-5.92656e-12
5.97282e-08
-7.23911e-12
5.97307e-08
-8.34524e-12
5.97335e-08
-9.50439e-12
5.97366e-08
-1.06957e-11
5.97397e-08
-1.16629e-11
5.97429e-08
-1.26292e-11
5.9746e-08
-1.34972e-11
5.97489e-08
-1.3802e-11
5.97521e-08
-1.41073e-11
5.97553e-08
-1.39166e-11
5.97583e-08
-1.2817e-11
5.9761e-08
-1.14994e-11
5.97629e-08
-1.02833e-11
5.97647e-08
-8.95998e-12
5.97661e-08
-7.29426e-12
5.97669e-08
-5.7353e-12
5.97677e-08
-4.8479e-12
5.97689e-08
-4.01889e-12
5.97698e-08
-2.93512e-12
5.97701e-08
-1.89705e-12
5.97702e-08
-1.4007e-12
5.97705e-08
-1.22772e-12
5.9771e-08
-8.59317e-13
5.97717e-08
-6.73769e-13
5.97725e-08
-4.95713e-13
5.9773e-08
-5.03385e-14
5.9773e-08
3.37988e-13
5.97729e-08
9.9426e-13
5.97731e-08
1.54371e-12
5.97731e-08
1.86174e-12
5.97728e-08
2.49436e-12
5.97726e-08
3.50902e-12
3.79386e-12
5.0174e-08
3.39509e-10
5.06808e-08
1.00815e-09
5.14271e-08
1.56983e-09
5.2322e-08
1.99174e-09
5.33018e-08
2.28356e-09
5.431e-08
2.46179e-09
5.53038e-08
2.54455e-09
5.62582e-08
2.5554e-09
5.71531e-08
2.51361e-09
5.79799e-08
2.4342e-09
5.87338e-08
2.33408e-09
5.9408e-08
2.222e-09
6.00076e-08
2.10351e-09
6.05391e-08
1.9854e-09
6.10115e-08
1.86885e-09
6.1433e-08
1.7568e-09
6.1809e-08
1.65112e-09
6.21444e-08
1.55235e-09
6.24438e-08
1.46125e-09
6.27107e-08
1.37766e-09
6.29488e-08
1.30042e-09
6.31614e-08
1.22911e-09
6.33516e-08
1.1632e-09
6.35219e-08
1.10219e-09
6.36749e-08
1.04562e-09
6.38125e-08
9.9308e-10
6.39367e-08
9.44173e-10
6.4049e-08
8.98557e-10
6.41508e-08
8.55921e-10
6.42434e-08
8.15989e-10
6.43277e-08
7.78514e-10
6.44048e-08
7.43281e-10
6.44754e-08
7.10096e-10
6.45402e-08
6.78791e-10
6.45999e-08
6.49215e-10
6.4655e-08
6.21233e-10
6.4706e-08
5.94727e-10
6.47533e-08
5.6959e-10
6.47973e-08
5.45726e-10
6.48382e-08
5.2305e-10
6.48764e-08
5.01483e-10
6.49122e-08
4.80955e-10
6.49457e-08
4.61402e-10
6.49772e-08
4.42765e-10
6.50069e-08
4.2499e-10
6.50348e-08
4.08028e-10
6.50612e-08
3.91833e-10
6.50861e-08
3.76363e-10
6.51097e-08
3.61579e-10
6.51321e-08
3.47443e-10
6.51533e-08
3.33923e-10
6.51735e-08
3.20985e-10
6.51927e-08
3.08598e-10
6.5211e-08
2.96735e-10
6.52284e-08
2.85366e-10
6.52451e-08
2.74464e-10
6.5261e-08
2.64002e-10
6.52762e-08
2.53953e-10
6.52908e-08
2.44287e-10
6.53047e-08
2.34977e-10
6.5318e-08
2.25993e-10
6.53308e-08
2.17304e-10
6.53431e-08
2.08877e-10
6.53549e-08
2.00679e-10
6.53662e-08
1.92678e-10
6.5377e-08
1.84841e-10
6.53874e-08
1.77136e-10
6.53973e-08
1.69535e-10
6.54068e-08
1.62017e-10
6.54158e-08
1.54561e-10
6.54244e-08
1.47158e-10
6.54325e-08
1.39803e-10
6.54401e-08
1.32504e-10
6.54473e-08
1.25272e-10
6.54539e-08
1.18131e-10
6.546e-08
1.11109e-10
6.54656e-08
1.0424e-10
6.54707e-08
9.75626e-11
6.54752e-08
9.11152e-11
6.54793e-08
8.49362e-11
6.54828e-08
7.90605e-11
6.54859e-08
7.35181e-11
6.54886e-08
6.83321e-11
6.54908e-08
6.35178e-11
6.54928e-08
5.90826e-11
6.54944e-08
5.50254e-11
6.54958e-08
5.13378e-11
6.54971e-08
4.80046e-11
6.54982e-08
4.50057e-11
6.54992e-08
4.23171e-11
6.55001e-08
3.99123e-11
6.55011e-08
3.77642e-11
6.55021e-08
3.58462e-11
6.55032e-08
3.41328e-11
6.55043e-08
3.26009e-11
6.55056e-08
3.12302e-11
6.55069e-08
3.00029e-11
6.55084e-08
2.89041e-11
6.551e-08
2.79209e-11
6.55116e-08
2.70423e-11
6.55134e-08
2.62587e-11
6.55153e-08
2.55617e-11
6.55172e-08
2.4944e-11
6.55192e-08
2.43989e-11
6.55213e-08
2.392e-11
6.55234e-08
2.35018e-11
6.55255e-08
2.31392e-11
6.55276e-08
2.28278e-11
6.55297e-08
2.25643e-11
6.55318e-08
2.23457e-11
6.55338e-08
2.21696e-11
6.55358e-08
2.20335e-11
6.55378e-08
2.19348e-11
6.55397e-08
2.18707e-11
6.55415e-08
2.18382e-11
6.55433e-08
2.18354e-11
6.5545e-08
2.18598e-11
6.55467e-08
2.19103e-11
6.55483e-08
2.19846e-11
6.55499e-08
2.20835e-11
6.55514e-08
2.22033e-11
6.55528e-08
2.235e-11
6.55541e-08
2.2519e-11
6.55553e-08
2.27177e-11
6.55565e-08
2.29577e-11
6.55575e-08
2.32029e-11
6.55585e-08
2.347e-11
6.55594e-08
2.37697e-11
6.55601e-08
2.41319e-11
6.55607e-08
2.45633e-11
6.55611e-08
2.50608e-11
6.55613e-08
2.5632e-11
6.55613e-08
2.62777e-11
6.55612e-08
2.69976e-11
6.5561e-08
2.77923e-11
6.55605e-08
2.86474e-11
6.556e-08
2.95505e-11
6.55592e-08
3.04729e-11
6.55584e-08
3.14024e-11
6.55575e-08
3.23125e-11
6.55565e-08
3.31911e-11
6.55554e-08
3.39658e-11
6.55542e-08
3.46451e-11
6.5553e-08
3.5267e-11
6.55517e-08
3.5822e-11
6.55505e-08
3.60874e-11
6.55489e-08
3.62556e-11
6.55472e-08
3.56507e-11
6.55455e-08
3.44949e-11
6.55434e-08
3.35895e-11
6.5541e-08
3.26492e-11
6.55385e-08
3.10181e-11
6.5536e-08
2.92626e-11
6.55337e-08
2.72925e-11
6.55318e-08
2.491e-11
6.55302e-08
2.22381e-11
6.55291e-08
1.93429e-11
6.55285e-08
1.63316e-11
6.55282e-08
1.34522e-11
6.55282e-08
1.04683e-11
6.55289e-08
7.34454e-12
6.55299e-08
4.32427e-12
6.55312e-08
1.30808e-12
6.55329e-08
-1.52049e-12
6.5535e-08
-4.134e-12
6.55374e-08
-6.52914e-12
6.55399e-08
-8.42842e-12
6.55424e-08
-9.76631e-12
6.5545e-08
-1.09832e-11
6.55479e-08
-1.23527e-11
6.55511e-08
-1.38853e-11
6.55545e-08
-1.50295e-11
6.55576e-08
-1.57928e-11
6.55606e-08
-1.65127e-11
6.55635e-08
-1.66928e-11
6.55665e-08
-1.71079e-11
6.55695e-08
-1.6937e-11
6.55721e-08
-1.53616e-11
6.55742e-08
-1.36441e-11
6.55762e-08
-1.2326e-11
6.55784e-08
-1.11008e-11
6.55807e-08
-9.54479e-12
6.55828e-08
-7.85221e-12
6.55846e-08
-6.65987e-12
6.55859e-08
-5.39061e-12
6.5587e-08
-4.00566e-12
6.55878e-08
-2.74715e-12
6.55886e-08
-2.19264e-12
6.559e-08
-2.59263e-12
6.55912e-08
-2.0725e-12
6.5592e-08
-1.42251e-12
6.55928e-08
-1.27704e-12
6.55935e-08
-7.99661e-13
6.55944e-08
-5.01184e-13
6.55951e-08
2.89138e-13
6.55958e-08
8.56722e-13
6.55966e-08
9.73735e-13
6.55976e-08
1.50792e-12
6.55988e-08
2.35428e-12
2.65362e-12
5.01306e-08
2.08983e-10
5.05191e-08
6.19656e-10
5.11142e-08
9.74685e-10
5.18538e-08
1.2522e-09
5.26878e-08
1.44958e-09
5.35738e-08
1.57582e-09
5.44768e-08
1.64152e-09
5.53721e-08
1.66005e-09
5.62414e-08
1.64433e-09
5.70716e-08
1.60401e-09
5.78573e-08
1.54835e-09
5.85954e-08
1.48385e-09
5.9284e-08
1.41489e-09
5.99251e-08
1.34435e-09
6.05192e-08
1.27474e-09
6.10682e-08
1.20782e-09
6.15747e-08
1.14457e-09
6.20419e-08
1.08518e-09
6.24746e-08
1.02855e-09
6.28767e-08
9.75568e-10
6.32506e-08
9.26517e-10
6.35987e-08
8.80961e-10
6.39233e-08
8.38629e-10
6.42263e-08
7.99187e-10
6.45096e-08
7.62333e-10
6.47749e-08
7.27814e-10
6.50236e-08
6.95405e-10
6.52573e-08
6.64908e-10
6.54771e-08
6.36147e-10
6.56841e-08
6.0897e-10
6.58794e-08
5.83242e-10
6.60638e-08
5.58845e-10
6.62382e-08
5.35678e-10
6.64034e-08
5.13648e-10
6.65599e-08
4.92677e-10
6.67084e-08
4.72694e-10
6.68495e-08
4.53635e-10
6.69837e-08
4.35444e-10
6.71113e-08
4.1807e-10
6.72329e-08
4.01467e-10
6.73488e-08
3.85593e-10
6.74593e-08
3.70409e-10
6.75649e-08
3.55881e-10
6.76657e-08
3.41974e-10
6.7762e-08
3.2866e-10
6.78541e-08
3.15908e-10
6.79423e-08
3.03693e-10
6.80266e-08
2.9199e-10
6.81074e-08
2.80774e-10
6.81849e-08
2.70023e-10
6.82591e-08
2.59717e-10
6.83302e-08
2.49834e-10
6.83985e-08
2.40355e-10
6.84639e-08
2.3126e-10
6.85268e-08
2.22531e-10
6.85871e-08
2.1415e-10
6.8645e-08
2.06096e-10
6.87006e-08
1.98352e-10
6.8754e-08
1.90897e-10
6.88053e-08
1.8371e-10
6.88545e-08
1.76771e-10
6.89017e-08
1.70056e-10
6.89471e-08
1.63544e-10
6.89905e-08
1.5721e-10
6.90322e-08
1.51031e-10
6.9072e-08
1.44984e-10
6.91101e-08
1.39048e-10
6.91465e-08
1.33203e-10
6.91811e-08
1.27434e-10
6.92139e-08
1.21727e-10
6.9245e-08
1.16076e-10
6.92743e-08
1.1048e-10
6.93019e-08
1.04941e-10
6.93277e-08
9.94689e-11
6.93517e-08
9.4078e-11
6.9374e-08
8.8787e-11
6.93947e-08
8.36175e-11
6.94136e-08
7.85936e-11
6.9431e-08
7.37394e-11
6.94469e-08
6.90781e-11
6.94613e-08
6.46307e-11
6.94744e-08
6.04143e-11
6.94863e-08
5.64418e-11
6.94971e-08
5.27207e-11
6.95069e-08
4.92536e-11
6.95159e-08
4.60381e-11
6.95241e-08
4.3067e-11
6.95318e-08
4.03298e-11
6.9539e-08
3.78131e-11
6.95458e-08
3.55019e-11
6.95524e-08
3.33803e-11
6.95587e-08
3.14327e-11
6.95649e-08
2.96447e-11
6.9571e-08
2.80029e-11
6.95771e-08
2.64961e-11
6.95832e-08
2.51152e-11
6.95894e-08
2.38528e-11
6.95956e-08
2.2703e-11
6.96018e-08
2.1661e-11
6.96082e-08
2.07224e-11
6.96145e-08
1.98833e-11
6.9621e-08
1.91395e-11
6.96274e-08
1.84869e-11
6.96339e-08
1.79209e-11
6.96404e-08
1.74368e-11
6.96469e-08
1.70292e-11
6.96533e-08
1.66928e-11
6.96597e-08
1.64225e-11
6.96661e-08
1.62134e-11
6.96724e-08
1.60604e-11
6.96786e-08
1.59588e-11
6.96847e-08
1.59037e-11
6.96907e-08
1.58904e-11
6.96967e-08
1.59143e-11
6.97026e-08
1.59712e-11
6.97083e-08
1.60584e-11
6.9714e-08
1.61733e-11
6.97196e-08
1.63156e-11
6.97251e-08
1.64823e-11
6.97305e-08
1.66767e-11
6.97359e-08
1.68935e-11
6.97411e-08
1.71443e-11
6.97462e-08
1.7416e-11
6.97512e-08
1.7724e-11
6.97561e-08
1.80645e-11
6.97609e-08
1.84023e-11
6.97655e-08
1.88009e-11
6.97701e-08
1.92408e-11
6.97744e-08
1.9738e-11
6.97787e-08
2.03084e-11
6.97828e-08
2.09493e-11
6.97868e-08
2.16587e-11
6.97906e-08
2.24428e-11
6.97943e-08
2.32972e-11
6.97979e-08
2.42146e-11
6.98014e-08
2.51877e-11
6.98047e-08
2.61927e-11
6.9808e-08
2.72077e-11
6.98112e-08
2.82071e-11
6.98143e-08
2.91703e-11
6.98175e-08
3.00476e-11
6.98206e-08
3.08376e-11
6.98238e-08
3.14823e-11
6.98271e-08
3.19607e-11
6.98306e-08
3.22406e-11
6.98344e-08
3.23436e-11
6.98385e-08
3.21627e-11
6.9842e-08
3.21829e-11
6.98436e-08
3.28847e-11
6.98437e-08
3.34527e-11
6.98435e-08
3.28883e-11
6.98434e-08
3.10634e-11
6.98433e-08
2.94078e-11
6.98431e-08
2.75481e-11
6.98428e-08
2.51347e-11
6.98428e-08
2.22953e-11
6.98431e-08
1.90069e-11
6.98439e-08
1.5611e-11
6.98445e-08
1.28106e-11
6.98452e-08
9.74324e-12
6.98465e-08
6.08701e-12
6.98481e-08
2.75549e-12
6.98498e-08
-4.39438e-13
6.98517e-08
-3.45556e-12
6.98539e-08
-6.3193e-12
6.98564e-08
-9.08907e-12
6.98591e-08
-1.1168e-11
6.9862e-08
-1.265e-11
6.98651e-08
-1.40242e-11
6.98684e-08
-1.56415e-11
6.98722e-08
-1.76322e-11
6.98768e-08
-1.96424e-11
6.98805e-08
-1.95373e-11
6.98835e-08
-1.94785e-11
6.98859e-08
-1.91447e-11
6.98871e-08
-1.82628e-11
6.98881e-08
-1.79764e-11
6.98894e-08
-1.67178e-11
6.98908e-08
-1.50384e-11
6.9893e-08
-1.45355e-11
6.98955e-08
-1.35594e-11
6.98979e-08
-1.19449e-11
6.99006e-08
-1.05576e-11
6.99035e-08
-9.5636e-12
6.99058e-08
-7.64406e-12
6.99078e-08
-6.05713e-12
6.99103e-08
-5.29405e-12
6.99126e-08
-4.4176e-12
6.99137e-08
-3.74898e-12
6.99154e-08
-3.72747e-12
6.99177e-08
-3.70786e-12
6.9918e-08
-1.54201e-12
6.99182e-08
-1.00531e-12
6.99196e-08
-1.92982e-12
6.99209e-08
-1.01211e-12
6.99223e-08
-5.13546e-13
6.99244e-08
-1.12516e-12
6.99268e-08
-8.99846e-13
6.99282e-08
9.00824e-13
1.22702e-12
5.01081e-08
1.00861e-10
5.04326e-08
2.9518e-10
5.09426e-08
4.64729e-10
5.15896e-08
6.05245e-10
5.23346e-08
7.04517e-10
5.31412e-08
7.69274e-10
5.3978e-08
8.04664e-10
5.48213e-08
8.16763e-10
5.56538e-08
8.11796e-10
5.64633e-08
7.94553e-10
5.72423e-08
7.6937e-10
5.79865e-08
7.39606e-10
5.86938e-08
7.07597e-10
5.93633e-08
6.74821e-10
5.99958e-08
6.4232e-10
6.05927e-08
6.10905e-10
6.11561e-08
5.81106e-10
6.16882e-08
5.53103e-10
6.21902e-08
5.26557e-10
6.26643e-08
5.01529e-10
6.31125e-08
4.78291e-10
6.35369e-08
4.56548e-10
6.39393e-08
4.36194e-10
6.43214e-08
4.17141e-10
6.46845e-08
3.99258e-10
6.50298e-08
3.82429e-10
6.53587e-08
3.66548e-10
6.56721e-08
3.51523e-10
6.5971e-08
3.37277e-10
6.62562e-08
3.23738e-10
6.65286e-08
3.1085e-10
6.67889e-08
2.9856e-10
6.70377e-08
2.86825e-10
6.72758e-08
2.75607e-10
6.75036e-08
2.64874e-10
6.77217e-08
2.54596e-10
6.79305e-08
2.44748e-10
6.81307e-08
2.35306e-10
6.83225e-08
2.26252e-10
6.85064e-08
2.17566e-10
6.86828e-08
2.09232e-10
6.88519e-08
2.01233e-10
6.90143e-08
1.93557e-10
6.91701e-08
1.86188e-10
6.93196e-08
1.79115e-10
6.94632e-08
1.72325e-10
6.96011e-08
1.65808e-10
6.97335e-08
1.59553e-10
6.98607e-08
1.53548e-10
6.9983e-08
1.47785e-10
7.01004e-08
1.42254e-10
7.02133e-08
1.36945e-10
7.03218e-08
1.3185e-10
7.04261e-08
1.26959e-10
7.05264e-08
1.22264e-10
7.06228e-08
1.17756e-10
7.07155e-08
1.13426e-10
7.08046e-08
1.09265e-10
7.08902e-08
1.05264e-10
7.09725e-08
1.01413e-10
7.10516e-08
9.77022e-11
7.11275e-08
9.41221e-11
7.12004e-08
9.06626e-11
7.12703e-08
8.73135e-11
7.13372e-08
8.40651e-11
7.14013e-08
8.09077e-11
7.14625e-08
7.78326e-11
7.15209e-08
7.48316e-11
7.15765e-08
7.18976e-11
7.16292e-08
6.90247e-11
7.1679e-08
6.62081e-11
7.17261e-08
6.34449e-11
7.17703e-08
6.07331e-11
7.18117e-08
5.80723e-11
7.18503e-08
5.54633e-11
7.18862e-08
5.29077e-11
7.19194e-08
5.0408e-11
7.195e-08
4.79669e-11
7.19782e-08
4.55873e-11
7.2004e-08
4.32715e-11
7.20276e-08
4.10216e-11
7.20491e-08
3.88388e-11
7.20689e-08
3.67233e-11
7.20869e-08
3.46746e-11
7.21035e-08
3.26913e-11
7.21187e-08
3.07715e-11
7.21329e-08
2.89131e-11
7.21461e-08
2.71137e-11
7.21585e-08
2.53718e-11
7.21703e-08
2.36864e-11
7.21817e-08
2.20573e-11
7.21926e-08
2.0486e-11
7.22033e-08
1.89748e-11
7.22137e-08
1.75274e-11
7.22241e-08
1.61487e-11
7.22344e-08
1.48445e-11
7.22446e-08
1.3621e-11
7.22548e-08
1.24843e-11
7.2265e-08
1.14398e-11
7.22753e-08
1.04921e-11
7.22855e-08
9.64421e-12
7.22957e-08
8.89777e-12
7.2306e-08
8.25274e-12
7.23162e-08
7.70759e-12
7.23264e-08
7.25913e-12
7.23365e-08
6.90274e-12
7.23466e-08
6.63296e-12
7.23565e-08
6.44353e-12
7.23664e-08
6.32787e-12
7.23762e-08
6.27861e-12
7.23859e-08
6.28856e-12
7.23954e-08
6.35024e-12
7.24049e-08
6.45679e-12
7.24142e-08
6.60165e-12
7.24234e-08
6.7791e-12
7.24325e-08
6.98603e-12
7.24414e-08
7.21909e-12
7.24503e-08
7.47818e-12
7.2459e-08
7.76083e-12
7.24676e-08
8.07149e-12
7.24761e-08
8.40544e-12
7.24844e-08
8.77263e-12
7.24927e-08
9.16337e-12
7.25008e-08
9.58488e-12
7.25089e-08
1.00432e-11
7.25168e-08
1.05117e-11
7.25245e-08
1.10304e-11
7.25322e-08
1.15897e-11
7.25397e-08
1.22032e-11
7.25471e-08
1.28845e-11
7.25544e-08
1.36352e-11
7.25617e-08
1.44462e-11
7.25688e-08
1.53259e-11
7.25758e-08
1.62692e-11
7.25828e-08
1.72641e-11
7.25896e-08
1.83075e-11
7.25965e-08
1.93624e-11
7.26033e-08
2.04227e-11
7.261e-08
2.14483e-11
7.26168e-08
2.24358e-11
7.26235e-08
2.33137e-11
7.26302e-08
2.41027e-11
7.2637e-08
2.4746e-11
7.26437e-08
2.52425e-11
7.26504e-08
2.55467e-11
7.26571e-08
2.56376e-11
7.26635e-08
2.57646e-11
7.26696e-08
2.6087e-11
7.26758e-08
2.66801e-11
7.26825e-08
2.67389e-11
7.26888e-08
2.65942e-11
7.26931e-08
2.6826e-11
7.2696e-08
2.64492e-11
7.26984e-08
2.51599e-11
7.27003e-08
2.32697e-11
7.2702e-08
2.05518e-11
7.27041e-08
1.69914e-11
7.27063e-08
1.33324e-11
7.271e-08
9.1479e-12
7.27136e-08
6.14175e-12
7.27155e-08
4.17506e-12
7.2717e-08
1.24782e-12
7.27188e-08
-2.20358e-12
7.27205e-08
-5.19099e-12
7.27226e-08
-8.43611e-12
7.27252e-08
-1.17417e-11
7.27282e-08
-1.41679e-11
7.27326e-08
-1.70895e-11
7.27371e-08
-1.84847e-11
7.27419e-08
-2.03496e-11
7.27461e-08
-2.18193e-11
7.2748e-08
-2.15817e-11
7.27507e-08
-2.22335e-11
7.27535e-08
-2.23379e-11
7.27545e-08
-2.0083e-11
7.27558e-08
-1.96419e-11
7.27576e-08
-1.96919e-11
7.27597e-08
-1.88967e-11
7.27624e-08
-1.77061e-11
7.2764e-08
-1.61784e-11
7.27652e-08
-1.47061e-11
7.2766e-08
-1.2748e-11
7.27662e-08
-1.07557e-11
7.2766e-08
-9.36505e-12
7.27685e-08
-1.02109e-11
7.27712e-08
-8.67509e-12
7.27734e-08
-7.50165e-12
7.27757e-08
-6.70563e-12
7.27769e-08
-4.9891e-12
7.27777e-08
-4.4966e-12
7.27782e-08
-4.21978e-12
7.27799e-08
-3.21377e-12
7.27815e-08
-2.6759e-12
7.27829e-08
-3.25173e-12
7.27848e-08
-2.98189e-12
7.2787e-08
-2.6907e-12
7.27882e-08
-2.31708e-12
7.27888e-08
-1.51507e-12
7.27911e-08
-1.40331e-12
-1.74542e-12
5.01008e-08
3.48676e-14
5.0396e-08
2.70595e-15
5.08608e-08
8.81365e-15
5.1466e-08
4.66115e-14
5.21705e-08
-2.34839e-15
5.29398e-08
-2.98795e-15
5.37444e-08
-2.60637e-15
5.45612e-08
-2.46174e-15
5.5373e-08
-2.28122e-15
5.61675e-08
-1.67299e-15
5.69369e-08
-5.96165e-16
5.76765e-08
8.60248e-16
5.83841e-08
2.50034e-15
5.90589e-08
4.29379e-15
5.97012e-08
6.0586e-15
6.03121e-08
7.82748e-15
6.08932e-08
9.56381e-15
6.14463e-08
1.12991e-14
6.19729e-08
1.29624e-14
6.24744e-08
1.46317e-14
6.29526e-08
1.6323e-14
6.34092e-08
1.80475e-14
6.38454e-08
1.98925e-14
6.42625e-08
2.19178e-14
6.46617e-08
2.42191e-14
6.50441e-08
2.69133e-14
6.54106e-08
3.01327e-14
6.57621e-08
3.40189e-14
6.60994e-08
3.87138e-14
6.6423e-08
4.4353e-14
6.67338e-08
5.10594e-14
6.70323e-08
5.89404e-14
6.73191e-08
6.80885e-14
6.75946e-08
7.85843e-14
6.78594e-08
9.05028e-14
6.81139e-08
1.0392e-13
6.83585e-08
1.18922e-13
6.85937e-08
1.35607e-13
6.88198e-08
1.54095e-13
6.90372e-08
1.74532e-13
6.92462e-08
1.9709e-13
6.94472e-08
2.21972e-13
6.96406e-08
2.49412e-13
6.98265e-08
2.79677e-13
7.00053e-08
3.13065e-13
7.01772e-08
3.49908e-13
7.03427e-08
3.90567e-13
7.05018e-08
4.35435e-13
7.06548e-08
4.84938e-13
7.08021e-08
5.39533e-13
7.09437e-08
5.99711e-13
7.108e-08
6.66e-13
7.12111e-08
7.38975e-13
7.13373e-08
8.19291e-13
7.14586e-08
9.07728e-13
7.15754e-08
1.00525e-12
7.16877e-08
1.11308e-12
7.17957e-08
1.2328e-12
7.18996e-08
1.36645e-12
7.19995e-08
1.51663e-12
7.20955e-08
1.68664e-12
7.21878e-08
1.88046e-12
7.22764e-08
2.10276e-12
7.23613e-08
2.35879e-12
7.24427e-08
2.65414e-12
7.25206e-08
2.99437e-12
7.25951e-08
3.38457e-12
7.26661e-08
3.82883e-12
7.27337e-08
4.3296e-12
7.27978e-08
4.88712e-12
7.28585e-08
5.49886e-12
7.29158e-08
6.15913e-12
7.29697e-08
6.85882e-12
7.30202e-08
7.58537e-12
7.30673e-08
8.32301e-12
7.31112e-08
9.05324e-12
7.31518e-08
9.75553e-12
7.31894e-08
1.04082e-11
7.3224e-08
1.09895e-11
7.32558e-08
1.14783e-11
7.32849e-08
1.18555e-11
7.33117e-08
1.21044e-11
7.33362e-08
1.22121e-11
7.33587e-08
1.21694e-11
7.33794e-08
1.19716e-11
7.33985e-08
1.16183e-11
7.34163e-08
1.11136e-11
7.3433e-08
1.0466e-11
7.34487e-08
9.68743e-12
7.34635e-08
8.79348e-12
7.34778e-08
7.80237e-12
7.34915e-08
6.73449e-12
7.35049e-08
5.61169e-12
7.3518e-08
4.45664e-12
7.35308e-08
3.29219e-12
7.35435e-08
2.14072e-12
7.35561e-08
1.02341e-12
7.35687e-08
-4.04117e-14
7.35811e-08
-1.03373e-12
7.35936e-08
-1.94237e-12
7.3606e-08
-2.7552e-12
7.36183e-08
-3.46433e-12
7.36307e-08
-4.06496e-12
7.36429e-08
-4.55531e-12
7.36551e-08
-4.93642e-12
7.36672e-08
-5.21193e-12
7.36793e-08
-5.38724e-12
7.36912e-08
-5.46948e-12
7.3703e-08
-5.46679e-12
7.37146e-08
-5.38867e-12
7.37262e-08
-5.24467e-12
7.37376e-08
-5.0447e-12
7.37488e-08
-4.79797e-12
7.37599e-08
-4.51292e-12
7.37709e-08
-4.19669e-12
7.37818e-08
-3.8537e-12
7.37925e-08
-3.48799e-12
7.3803e-08
-3.10022e-12
7.38135e-08
-2.69211e-12
7.38238e-08
-2.2599e-12
7.3834e-08
-1.80595e-12
7.38441e-08
-1.32351e-12
7.38541e-08
-8.17323e-13
7.3864e-08
-2.84856e-13
7.38738e-08
2.803e-13
7.38834e-08
8.61858e-13
7.3893e-08
1.48251e-12
7.39024e-08
2.14099e-12
7.39118e-08
2.84462e-12
7.3921e-08
3.60119e-12
7.39303e-08
4.41772e-12
7.39394e-08
5.28481e-12
7.39485e-08
6.21274e-12
7.39576e-08
7.19447e-12
7.39667e-08
8.21598e-12
7.39757e-08
9.27836e-12
7.39847e-08
1.0345e-11
7.39937e-08
1.14205e-11
7.40027e-08
1.24498e-11
7.40117e-08
1.34415e-11
7.40207e-08
1.43229e-11
7.40297e-08
1.51309e-11
7.40386e-08
1.58436e-11
7.40474e-08
1.64011e-11
7.40561e-08
1.68445e-11
7.40647e-08
1.71092e-11
7.40729e-08
1.75108e-11
7.4081e-08
1.79834e-11
7.40891e-08
1.86507e-11
7.40968e-08
1.90337e-11
7.41041e-08
1.92339e-11
7.41111e-08
1.98539e-11
7.41178e-08
1.97994e-11
7.41238e-08
1.91624e-11
7.41291e-08
1.79238e-11
7.41342e-08
1.54166e-11
7.4139e-08
1.2278e-11
7.41432e-08
9.06646e-12
7.41463e-08
6.08314e-12
7.41494e-08
3.08338e-12
7.41537e-08
-1.6504e-13
7.41589e-08
-3.8983e-12
7.4164e-08
-7.40152e-12
7.41695e-08
-1.06355e-11
7.41739e-08
-1.2957e-11
7.41758e-08
-1.36424e-11
7.41768e-08
-1.51516e-11
7.41778e-08
-1.80868e-11
7.41807e-08
-2.13956e-11
7.4184e-08
-2.36273e-11
7.41857e-08
-2.34292e-11
7.41877e-08
-2.36343e-11
7.41883e-08
-2.2865e-11
7.41874e-08
-2.13832e-11
7.41883e-08
-2.10036e-11
7.41891e-08
-2.04753e-11
7.41902e-08
-2.07604e-11
7.41902e-08
-1.89603e-11
7.41907e-08
-1.8217e-11
7.41932e-08
-1.86427e-11
7.4195e-08
-1.65116e-11
7.41954e-08
-1.30501e-11
7.41969e-08
-1.22833e-11
7.41996e-08
-1.20599e-11
7.41993e-08
-9.91528e-12
7.42001e-08
-9.4757e-12
7.42023e-08
-9.77528e-12
7.42036e-08
-7.94204e-12
7.42046e-08
-6.04367e-12
7.42058e-08
-5.66413e-12
7.42064e-08
-4.79219e-12
7.42075e-08
-4.33857e-12
7.4209e-08
-4.14671e-12
7.42102e-08
-4.42532e-12
7.42123e-08
-5.10689e-12
7.42147e-08
-5.0756e-12
7.42156e-08
-3.23916e-12
7.42177e-08
-3.66873e-12
7.4221e-08
-4.6796e-12
-4.07051e-12
5.01009e-08
-1.0084e-10
5.0396e-08
-2.95146e-10
5.08608e-08
-4.64706e-10
5.1466e-08
-6.05204e-10
5.21705e-08
-7.04492e-10
5.29398e-08
-7.69265e-10
5.37445e-08
-8.0466e-10
5.45612e-08
-8.16763e-10
5.5373e-08
-8.11797e-10
5.61675e-08
-7.94554e-10
5.69369e-08
-7.6937e-10
5.76765e-08
-7.39604e-10
5.83841e-08
-7.07591e-10
5.90589e-08
-6.74812e-10
5.97012e-08
-6.42308e-10
6.03121e-08
-6.10889e-10
6.08932e-08
-5.81086e-10
6.14463e-08
-5.5308e-10
6.19729e-08
-5.26531e-10
6.24744e-08
-5.01499e-10
6.29527e-08
-4.78259e-10
6.34092e-08
-4.56512e-10
6.38454e-08
-4.36154e-10
6.42625e-08
-4.17097e-10
6.46617e-08
-3.9921e-10
6.50441e-08
-3.82375e-10
6.54106e-08
-3.66488e-10
6.57621e-08
-3.51456e-10
6.60994e-08
-3.372e-10
6.64231e-08
-3.2365e-10
6.67339e-08
-3.10748e-10
6.70324e-08
-2.98443e-10
6.73191e-08
-2.8669e-10
6.75947e-08
-2.75452e-10
6.78594e-08
-2.64695e-10
6.81139e-08
-2.54391e-10
6.83586e-08
-2.44513e-10
6.85937e-08
-2.35039e-10
6.88198e-08
-2.25949e-10
6.90372e-08
-2.17223e-10
6.92463e-08
-2.08844e-10
6.94473e-08
-2.00797e-10
6.96406e-08
-1.93067e-10
6.98265e-08
-1.85639e-10
7.00054e-08
-1.785e-10
7.01773e-08
-1.71639e-10
7.03428e-08
-1.65042e-10
7.05019e-08
-1.58699e-10
7.0655e-08
-1.52598e-10
7.08023e-08
-1.46729e-10
7.09439e-08
-1.4108e-10
7.10803e-08
-1.35642e-10
7.12114e-08
-1.30405e-10
7.13376e-08
-1.25358e-10
7.1459e-08
-1.20491e-10
7.15758e-08
-1.15793e-10
7.16881e-08
-1.11254e-10
7.17962e-08
-1.06861e-10
7.19002e-08
-1.02601e-10
7.20002e-08
-9.84602e-11
7.20963e-08
-9.44216e-11
7.21886e-08
-9.04682e-11
7.22773e-08
-8.65809e-11
7.23624e-08
-8.27398e-11
7.2444e-08
-7.89241e-11
7.25221e-08
-7.51136e-11
7.25968e-08
-7.12894e-11
7.26681e-08
-6.74353e-11
7.27359e-08
-6.35391e-11
7.28004e-08
-5.9594e-11
7.28615e-08
-5.55998e-11
7.29193e-08
-5.15638e-11
7.29736e-08
-4.75015e-11
7.30246e-08
-4.34361e-11
7.30724e-08
-3.93987e-11
7.31168e-08
-3.54262e-11
7.31582e-08
-3.15608e-11
7.31964e-08
-2.78472e-11
7.32317e-08
-2.43307e-11
7.32643e-08
-2.1055e-11
7.32942e-08
-1.80596e-11
7.33217e-08
-1.53785e-11
7.33469e-08
-1.3038e-11
7.33701e-08
-1.10559e-11
7.33915e-08
-9.44087e-12
7.34113e-08
-8.19232e-12
7.34297e-08
-7.30064e-12
7.3447e-08
-6.74805e-12
7.34632e-08
-6.50963e-12
7.34785e-08
-6.55462e-12
7.34931e-08
-6.8477e-12
7.35072e-08
-7.35052e-12
7.35209e-08
-8.02298e-12
7.35341e-08
-8.82456e-12
7.35471e-08
-9.71541e-12
7.35599e-08
-1.06575e-11
7.35726e-08
-1.16153e-11
7.35851e-08
-1.2557e-11
7.35975e-08
-1.34547e-11
7.36099e-08
-1.42847e-11
7.36221e-08
-1.5028e-11
7.36343e-08
-1.56703e-11
7.36465e-08
-1.6202e-11
7.36586e-08
-1.66177e-11
7.36705e-08
-1.6916e-11
7.36824e-08
-1.7099e-11
7.36942e-08
-1.71716e-11
7.37059e-08
-1.71413e-11
7.37174e-08
-1.70173e-11
7.37289e-08
-1.68106e-11
7.37401e-08
-1.65328e-11
7.37513e-08
-1.61957e-11
7.37623e-08
-1.58107e-11
7.37732e-08
-1.5388e-11
7.37839e-08
-1.49363e-11
7.37945e-08
-1.44618e-11
7.3805e-08
-1.39697e-11
7.38154e-08
-1.34616e-11
7.38256e-08
-1.29391e-11
7.38358e-08
-1.23992e-11
7.38458e-08
-1.18424e-11
7.38558e-08
-1.12644e-11
7.38656e-08
-1.06672e-11
7.38754e-08
-1.00495e-11
7.38851e-08
-9.4075e-12
7.38947e-08
-8.7488e-12
7.39042e-08
-8.06263e-12
7.39137e-08
-7.34668e-12
7.39231e-08
-6.5964e-12
7.39326e-08
-5.80864e-12
7.39419e-08
-4.97468e-12
7.39513e-08
-4.1004e-12
7.39607e-08
-3.17736e-12
7.39701e-08
-2.20995e-12
7.39795e-08
-1.20567e-12
7.3989e-08
-1.65972e-13
7.39985e-08
8.77232e-13
7.4008e-08
1.92686e-12
7.40175e-08
2.93104e-12
7.4027e-08
3.90452e-12
7.40366e-08
4.78469e-12
7.40461e-08
5.61269e-12
7.40555e-08
6.38088e-12
7.40649e-08
7.02955e-12
7.40741e-08
7.64063e-12
7.40831e-08
8.12007e-12
7.40919e-08
8.72399e-12
7.41006e-08
9.27399e-12
7.41093e-08
9.98393e-12
7.41178e-08
1.05532e-11
7.4126e-08
1.09988e-11
7.41341e-08
1.17546e-11
7.41421e-08
1.1807e-11
7.41496e-08
1.16896e-11
7.41566e-08
1.08863e-11
7.41634e-08
8.68525e-12
7.41695e-08
6.16268e-12
7.41747e-08
3.83606e-12
7.418e-08
8.22865e-13
7.41845e-08
-1.433e-12
7.41882e-08
-3.83478e-12
7.41913e-08
-6.95585e-12
7.41934e-08
-9.56419e-12
7.41951e-08
-1.24104e-11
7.41961e-08
-1.40002e-11
7.41992e-08
-1.67046e-11
7.42039e-08
-1.99192e-11
7.42069e-08
-2.10079e-11
7.42081e-08
-2.25643e-11
7.42084e-08
-2.39877e-11
7.42087e-08
-2.36936e-11
7.42075e-08
-2.23775e-11
7.42064e-08
-2.18494e-11
7.42075e-08
-2.24729e-11
7.4209e-08
-2.2431e-11
7.42092e-08
-2.07718e-11
7.42075e-08
-1.90393e-11
7.42074e-08
-1.88848e-11
7.42085e-08
-1.9285e-11
7.42081e-08
-1.82851e-11
7.42073e-08
-1.57086e-11
7.42092e-08
-1.49028e-11
7.42112e-08
-1.43189e-11
7.42109e-08
-1.17671e-11
7.42119e-08
-1.08828e-11
7.42124e-08
-9.97255e-12
7.42113e-08
-8.6415e-12
7.42125e-08
-9.1454e-12
7.42142e-08
-7.76539e-12
7.4214e-08
-5.48809e-12
7.42144e-08
-5.19498e-12
7.42161e-08
-5.96086e-12
7.42181e-08
-6.16882e-12
7.42185e-08
-4.82852e-12
7.42183e-08
-4.92813e-12
7.42187e-08
-5.48123e-12
7.42216e-08
-6.15713e-12
7.42248e-08
-6.80593e-12
7.42264e-08
-6.34027e-12
-6.05678e-12
5.01082e-08
-2.08986e-10
5.04327e-08
-6.19629e-10
5.09426e-08
-9.74649e-10
5.15896e-08
-1.25219e-09
5.23347e-08
-1.44954e-09
5.31412e-08
-1.5758e-09
5.39781e-08
-1.64152e-09
5.48213e-08
-1.66005e-09
5.56539e-08
-1.64433e-09
5.64633e-08
-1.60401e-09
5.72423e-08
-1.54835e-09
5.79865e-08
-1.48385e-09
5.86938e-08
-1.41488e-09
5.93633e-08
-1.34434e-09
5.99958e-08
-1.27473e-09
6.05927e-08
-1.2078e-09
6.11562e-08
-1.14456e-09
6.16882e-08
-1.08516e-09
6.21902e-08
-1.02853e-09
6.26643e-08
-9.75539e-10
6.31125e-08
-9.26484e-10
6.35369e-08
-8.80925e-10
6.39394e-08
-8.3859e-10
6.43214e-08
-7.99143e-10
6.46845e-08
-7.62286e-10
6.50299e-08
-7.27762e-10
6.53587e-08
-6.95347e-10
6.56721e-08
-6.64842e-10
6.5971e-08
-6.36072e-10
6.62562e-08
-6.08884e-10
6.65286e-08
-5.83143e-10
6.67889e-08
-5.58732e-10
6.70378e-08
-5.35548e-10
6.72758e-08
-5.13499e-10
6.75036e-08
-4.92506e-10
6.77217e-08
-4.72497e-10
6.79306e-08
-4.5341e-10
6.81308e-08
-4.35189e-10
6.83226e-08
-4.17781e-10
6.85065e-08
-4.0114e-10
6.86829e-08
-3.85225e-10
6.88521e-08
-3.69996e-10
6.90145e-08
-3.55417e-10
6.91703e-08
-3.41456e-10
6.93199e-08
-3.28081e-10
6.94635e-08
-3.15262e-10
6.96014e-08
-3.02973e-10
6.97339e-08
-2.91189e-10
6.98612e-08
-2.79883e-10
6.99835e-08
-2.69034e-10
7.0101e-08
-2.58619e-10
7.0214e-08
-2.48617e-10
7.03226e-08
-2.39007e-10
7.0427e-08
-2.29769e-10
7.05274e-08
-2.20882e-10
7.06239e-08
-2.12327e-10
7.07168e-08
-2.04083e-10
7.0806e-08
-1.96128e-10
7.08919e-08
-1.88439e-10
7.09744e-08
-1.80991e-10
7.10538e-08
-1.73758e-10
7.113e-08
-1.66711e-10
7.12032e-08
-1.59819e-10
7.12736e-08
-1.5305e-10
7.1341e-08
-1.4637e-10
7.14056e-08
-1.39747e-10
7.14675e-08
-1.3315e-10
7.15266e-08
-1.26552e-10
7.1583e-08
-1.19932e-10
7.16367e-08
-1.13274e-10
7.16877e-08
-1.06576e-10
7.1736e-08
-9.98431e-11
7.17816e-08
-9.30928e-11
7.18245e-08
-8.63547e-11
7.18648e-08
-7.96692e-11
7.19024e-08
-7.30864e-11
7.19375e-08
-6.66633e-11
7.19701e-08
-6.04621e-11
7.20003e-08
-5.4546e-11
7.20283e-08
-4.89766e-11
7.2054e-08
-4.38104e-11
7.20777e-08
-3.9096e-11
7.20996e-08
-3.4872e-11
7.21197e-08
-3.11648e-11
7.21382e-08
-2.79882e-11
7.21554e-08
-2.53427e-11
7.21713e-08
-2.32166e-11
7.21861e-08
-2.15863e-11
7.22e-08
-2.04186e-11
7.22131e-08
-1.96717e-11
7.22256e-08
-1.92983e-11
7.22375e-08
-1.92464e-11
7.22489e-08
-1.94624e-11
7.226e-08
-1.98918e-11
7.22707e-08
-2.04821e-11
7.22813e-08
-2.11825e-11
7.22916e-08
-2.19468e-11
7.23018e-08
-2.27326e-11
7.23118e-08
-2.35034e-11
7.23218e-08
-2.42273e-11
7.23316e-08
-2.48791e-11
7.23414e-08
-2.54385e-11
7.23511e-08
-2.58917e-11
7.23607e-08
-2.62295e-11
7.23702e-08
-2.64482e-11
7.23797e-08
-2.65477e-11
7.2389e-08
-2.65321e-11
7.23983e-08
-2.6408e-11
7.24075e-08
-2.61853e-11
7.24165e-08
-2.58752e-11
7.24255e-08
-2.54908e-11
7.24343e-08
-2.50449e-11
7.24431e-08
-2.45506e-11
7.24517e-08
-2.40194e-11
7.24602e-08
-2.34618e-11
7.24687e-08
-2.28855e-11
7.2477e-08
-2.22973e-11
7.24852e-08
-2.17001e-11
7.24934e-08
-2.10958e-11
7.25015e-08
-2.04824e-11
7.25095e-08
-1.98598e-11
7.25175e-08
-1.9225e-11
7.25254e-08
-1.85785e-11
7.25332e-08
-1.79189e-11
7.25411e-08
-1.72448e-11
7.25489e-08
-1.6559e-11
7.25567e-08
-1.58572e-11
7.25645e-08
-1.51362e-11
7.25723e-08
-1.43929e-11
7.25801e-08
-1.36262e-11
7.25879e-08
-1.28288e-11
7.25958e-08
-1.20023e-11
7.26038e-08
-1.11395e-11
7.26118e-08
-1.02413e-11
7.26199e-08
-9.31447e-12
7.26281e-08
-8.36174e-12
7.26364e-08
-7.39991e-12
7.26448e-08
-6.43023e-12
7.26532e-08
-5.48876e-12
7.26617e-08
-4.57189e-12
7.26702e-08
-3.72918e-12
7.26787e-08
-2.92083e-12
7.26872e-08
-2.13536e-12
7.26957e-08
-1.41889e-12
7.2704e-08
-7.18173e-13
7.27122e-08
-7.89596e-14
7.27204e-08
6.06753e-13
7.27285e-08
1.19425e-12
7.27365e-08
1.90488e-12
7.27446e-08
2.4625e-12
7.27525e-08
3.13444e-12
7.27605e-08
3.74861e-12
7.27685e-08
3.84085e-12
7.27764e-08
3.80397e-12
7.27838e-08
3.43164e-12
7.27896e-08
2.97699e-12
7.27949e-08
8.49389e-13
7.27998e-08
-1.10058e-12
7.28028e-08
-2.11053e-12
7.28059e-08
-4.55735e-12
7.28088e-08
-6.69577e-12
7.28103e-08
-8.43921e-12
7.28115e-08
-1.0809e-11
7.28115e-08
-1.25038e-11
7.28127e-08
-1.52359e-11
7.28138e-08
-1.78674e-11
7.2813e-08
-1.90905e-11
7.2813e-08
-2.09708e-11
7.28127e-08
-2.22107e-11
7.28105e-08
-2.17634e-11
7.2809e-08
-2.22613e-11
7.28097e-08
-2.30568e-11
7.28111e-08
-2.32189e-11
7.28108e-08
-2.2192e-11
7.28097e-08
-2.13372e-11
7.2809e-08
-2.00464e-11
7.28081e-08
-1.81607e-11
7.28073e-08
-1.80881e-11
7.28053e-08
-1.73328e-11
7.28025e-08
-1.54945e-11
7.28022e-08
-1.54042e-11
7.28024e-08
-1.5043e-11
7.28016e-08
-1.34924e-11
7.28019e-08
-1.20912e-11
7.28023e-08
-1.13486e-11
7.28033e-08
-1.09366e-11
7.28044e-08
-9.70578e-12
7.28039e-08
-8.71106e-12
7.28044e-08
-8.22882e-12
7.28055e-08
-6.57925e-12
7.2807e-08
-6.71603e-12
7.28083e-08
-7.22079e-12
7.28088e-08
-6.63525e-12
7.28097e-08
-5.79768e-12
7.28104e-08
-5.58783e-12
7.28108e-08
-5.83588e-12
7.28111e-08
-6.55514e-12
7.28117e-08
-7.32923e-12
7.28129e-08
-7.53201e-12
-7.60016e-12
5.01305e-08
-3.39523e-10
5.05191e-08
-1.00815e-09
5.11142e-08
-1.56981e-09
5.18538e-08
-1.9917e-09
5.26878e-08
-2.28351e-09
5.35737e-08
-2.46178e-09
5.44768e-08
-2.54456e-09
5.53721e-08
-2.55542e-09
5.62414e-08
-2.51362e-09
5.70716e-08
-2.43421e-09
5.78573e-08
-2.33409e-09
5.85954e-08
-2.222e-09
5.92841e-08
-2.10351e-09
5.99251e-08
-1.98539e-09
6.05192e-08
-1.86884e-09
6.10682e-08
-1.75679e-09
6.15748e-08
-1.6511e-09
6.20419e-08
-1.55233e-09
6.24746e-08
-1.46122e-09
6.28767e-08
-1.37763e-09
6.32506e-08
-1.30039e-09
6.35988e-08
-1.22907e-09
6.39233e-08
-1.16316e-09
6.42263e-08
-1.10215e-09
6.45096e-08
-1.04558e-09
6.47749e-08
-9.93029e-10
6.50237e-08
-9.44117e-10
6.52573e-08
-8.98494e-10
6.54771e-08
-8.5585e-10
6.56841e-08
-8.15907e-10
6.58794e-08
-7.78421e-10
6.60639e-08
-7.43175e-10
6.62383e-08
-7.09975e-10
6.64034e-08
-6.78652e-10
6.656e-08
-6.49056e-10
6.67085e-08
-6.21052e-10
6.68497e-08
-5.94521e-10
6.69838e-08
-5.69357e-10
6.71115e-08
-5.45463e-10
6.72331e-08
-5.22753e-10
6.7349e-08
-5.0115e-10
6.74596e-08
-4.80581e-10
6.75652e-08
-4.60984e-10
6.7666e-08
-4.42298e-10
6.77624e-08
-4.2447e-10
6.78546e-08
-4.07449e-10
6.79428e-08
-3.91189e-10
6.80273e-08
-3.75648e-10
6.81082e-08
-3.60785e-10
6.81857e-08
-3.46564e-10
6.82601e-08
-3.32949e-10
6.83313e-08
-3.19907e-10
6.83997e-08
-3.07407e-10
6.84654e-08
-2.9542e-10
6.85284e-08
-2.83915e-10
6.8589e-08
-2.72865e-10
6.86471e-08
-2.6224e-10
6.8703e-08
-2.52012e-10
6.87567e-08
-2.4215e-10
6.88084e-08
-2.32622e-10
6.8858e-08
-2.23395e-10
6.89057e-08
-2.14433e-10
6.89516e-08
-2.05697e-10
6.89957e-08
-1.97147e-10
6.90381e-08
-1.88743e-10
6.90788e-08
-1.80442e-10
6.91178e-08
-1.72207e-10
6.91553e-08
-1.64001e-10
6.91911e-08
-1.55795e-10
6.92254e-08
-1.47569e-10
6.92582e-08
-1.3931e-10
6.92894e-08
-1.31023e-10
6.9319e-08
-1.2272e-10
6.93471e-08
-1.14431e-10
6.93736e-08
-1.06198e-10
6.93986e-08
-9.80742e-11
6.94221e-08
-9.01239e-11
6.9444e-08
-8.24168e-11
6.94645e-08
-7.50254e-11
6.94835e-08
-6.8022e-11
6.95012e-08
-6.14735e-11
6.95175e-08
-5.54393e-11
6.95326e-08
-4.99669e-11
6.95465e-08
-4.50913e-11
6.95594e-08
-4.08321e-11
6.95712e-08
-3.71944e-11
6.95822e-08
-3.4168e-11
6.95923e-08
-3.17295e-11
6.96017e-08
-2.98434e-11
6.96105e-08
-2.84643e-11
6.96188e-08
-2.75394e-11
6.96265e-08
-2.70109e-11
6.96339e-08
-2.6818e-11
6.96409e-08
-2.68995e-11
6.96476e-08
-2.71953e-11
6.96541e-08
-2.76483e-11
6.96603e-08
-2.82052e-11
6.96664e-08
-2.88182e-11
6.96724e-08
-2.94447e-11
6.96782e-08
-3.00481e-11
6.96839e-08
-3.05981e-11
6.96895e-08
-3.1071e-11
6.96951e-08
-3.14489e-11
6.97006e-08
-3.17202e-11
6.9706e-08
-3.18781e-11
6.97114e-08
-3.19206e-11
6.97167e-08
-3.18497e-11
6.9722e-08
-3.16714e-11
6.97272e-08
-3.13942e-11
6.97323e-08
-3.10293e-11
6.97374e-08
-3.05892e-11
6.97425e-08
-3.00875e-11
6.97475e-08
-2.95375e-11
6.97524e-08
-2.89515e-11
6.97573e-08
-2.8341e-11
6.97621e-08
-2.77155e-11
6.97669e-08
-2.70828e-11
6.97717e-08
-2.64473e-11
6.97764e-08
-2.58115e-11
6.97811e-08
-2.51749e-11
6.97857e-08
-2.45375e-11
6.97904e-08
-2.3897e-11
6.97951e-08
-2.32528e-11
6.97998e-08
-2.26038e-11
6.98045e-08
-2.19498e-11
6.98092e-08
-2.12916e-11
6.9814e-08
-2.06275e-11
6.98188e-08
-1.99554e-11
6.98237e-08
-1.92728e-11
6.98286e-08
-1.85796e-11
6.98337e-08
-1.78705e-11
6.98388e-08
-1.71442e-11
6.98441e-08
-1.63936e-11
6.98495e-08
-1.56176e-11
6.9855e-08
-1.48187e-11
6.98606e-08
-1.39986e-11
6.98664e-08
-1.31642e-11
6.98723e-08
-1.23233e-11
6.98783e-08
-1.1494e-11
6.98844e-08
-1.06882e-11
6.98906e-08
-9.93164e-12
6.98969e-08
-9.23893e-12
6.99033e-08
-8.50666e-12
6.99097e-08
-7.79791e-12
6.9916e-08
-7.0882e-12
6.99223e-08
-6.37425e-12
6.99286e-08
-5.68781e-12
6.99349e-08
-5.09817e-12
6.99414e-08
-4.55493e-12
6.99478e-08
-3.95367e-12
6.9954e-08
-3.0874e-12
6.99604e-08
-2.55629e-12
6.99664e-08
-2.24517e-12
6.99724e-08
-2.10167e-12
6.99784e-08
-2.56963e-12
6.99839e-08
-2.55861e-12
6.99871e-08
-2.31053e-12
6.99883e-08
-2.3377e-12
6.999e-08
-3.7858e-12
6.99909e-08
-5.41846e-12
6.9991e-08
-6.82685e-12
6.99906e-08
-8.02157e-12
6.99892e-08
-9.41821e-12
6.99882e-08
-1.15564e-11
6.99876e-08
-1.46746e-11
6.99865e-08
-1.6852e-11
6.99858e-08
-1.83719e-11
6.99846e-08
-1.97481e-11
6.99829e-08
-2.0433e-11
6.99819e-08
-2.08242e-11
6.99805e-08
-2.08693e-11
6.99783e-08
-2.08416e-11
6.99759e-08
-2.07316e-11
6.99735e-08
-1.98696e-11
6.99714e-08
-1.91741e-11
6.99697e-08
-1.83922e-11
6.99691e-08
-1.75679e-11
6.99681e-08
-1.70576e-11
6.99659e-08
-1.52098e-11
6.99638e-08
-1.3342e-11
6.99616e-08
-1.32598e-11
6.99603e-08
-1.36917e-11
6.99598e-08
-1.29843e-11
6.99598e-08
-1.20714e-11
6.99596e-08
-1.11722e-11
6.99588e-08
-1.02082e-11
6.99585e-08
-9.37298e-12
6.99581e-08
-8.30506e-12
6.9958e-08
-8.10708e-12
6.99592e-08
-7.7215e-12
6.99597e-08
-7.26041e-12
6.99595e-08
-6.97783e-12
6.99593e-08
-6.48546e-12
6.99596e-08
-6.09075e-12
6.996e-08
-5.95523e-12
6.99602e-08
-6.09664e-12
6.99601e-08
-6.43333e-12
6.99596e-08
-6.82996e-12
6.99603e-08
-8.25437e-12
-8.76207e-12
5.0174e-08
-5.13473e-10
5.06808e-08
-1.51499e-09
5.1427e-08
-2.31603e-09
5.2322e-08
-2.88659e-09
5.33018e-08
-3.26331e-09
5.431e-08
-3.46997e-09
5.53038e-08
-3.53841e-09
5.62582e-08
-3.50986e-09
5.71531e-08
-3.40856e-09
5.798e-08
-3.26104e-09
5.87338e-08
-3.08794e-09
5.9408e-08
-2.89624e-09
6.00076e-08
-2.70307e-09
6.05391e-08
-2.5169e-09
6.10116e-08
-2.34129e-09
6.1433e-08
-2.17824e-09
6.1809e-08
-2.02711e-09
6.21444e-08
-1.88773e-09
6.24438e-08
-1.76063e-09
6.27108e-08
-1.64456e-09
6.29489e-08
-1.53848e-09
6.31615e-08
-1.44168e-09
6.33516e-08
-1.3533e-09
6.3522e-08
-1.27251e-09
6.36749e-08
-1.19854e-09
6.38126e-08
-1.13068e-09
6.39368e-08
-1.0683e-09
6.40491e-08
-1.0108e-09
6.41509e-08
-9.57672e-10
6.42434e-08
-9.08465e-10
6.43278e-08
-8.62776e-10
6.44049e-08
-8.20253e-10
6.44755e-08
-7.80588e-10
6.45403e-08
-7.43509e-10
6.46001e-08
-7.08776e-10
6.46552e-08
-6.7618e-10
6.47062e-08
-6.45534e-10
6.47535e-08
-6.16675e-10
6.47975e-08
-5.89455e-10
6.48385e-08
-5.63746e-10
6.48768e-08
-5.39431e-10
6.49126e-08
-5.16405e-10
6.49462e-08
-4.94577e-10
6.49778e-08
-4.7386e-10
6.50075e-08
-4.54179e-10
6.50355e-08
-4.35465e-10
6.5062e-08
-4.17653e-10
6.5087e-08
-4.00687e-10
6.51107e-08
-3.84514e-10
6.51333e-08
-3.69084e-10
6.51547e-08
-3.54352e-10
6.5175e-08
-3.40278e-10
6.51944e-08
-3.26821e-10
6.5213e-08
-3.13945e-10
6.52307e-08
-3.01616e-10
6.52476e-08
-2.89799e-10
6.52638e-08
-2.78463e-10
6.52794e-08
-2.67573e-10
6.52943e-08
-2.57098e-10
6.53087e-08
-2.47002e-10
6.53226e-08
-2.37251e-10
6.5336e-08
-2.27806e-10
6.53489e-08
-2.18627e-10
6.53614e-08
-2.09673e-10
6.53736e-08
-2.009e-10
6.53854e-08
-1.92265e-10
6.53969e-08
-1.83725e-10
6.54082e-08
-1.75241e-10
6.54192e-08
-1.66779e-10
6.54299e-08
-1.58311e-10
6.54404e-08
-1.49822e-10
6.54507e-08
-1.41305e-10
6.54608e-08
-1.32769e-10
6.54706e-08
-1.24235e-10
6.54801e-08
-1.1574e-10
6.54894e-08
-1.07332e-10
6.54983e-08
-9.90713e-11
6.55069e-08
-9.10252e-11
6.55152e-08
-8.32666e-11
6.5523e-08
-7.58683e-11
6.55304e-08
-6.89007e-11
6.55374e-08
-6.24271e-11
6.55439e-08
-5.65005e-11
6.555e-08
-5.1162e-11
6.55556e-08
-4.64372e-11
6.55608e-08
-4.23379e-11
6.55654e-08
-3.88591e-11
6.55697e-08
-3.59836e-11
6.55735e-08
-3.3679e-11
6.5577e-08
-3.1905e-11
6.558e-08
-3.061e-11
6.55828e-08
-2.97394e-11
6.55852e-08
-2.9232e-11
6.55873e-08
-2.90287e-11
6.55892e-08
-2.90677e-11
6.55908e-08
-2.92932e-11
6.55923e-08
-2.96494e-11
6.55935e-08
-3.0089e-11
6.55947e-08
-3.05664e-11
6.55956e-08
-3.10451e-11
6.55965e-08
-3.14916e-11
6.55974e-08
-3.18816e-11
6.55981e-08
-3.2194e-11
6.55988e-08
-3.24166e-11
6.55995e-08
-3.25389e-11
6.56001e-08
-3.25582e-11
6.56007e-08
-3.24731e-11
6.56014e-08
-3.2289e-11
6.5602e-08
-3.20114e-11
6.56026e-08
-3.16512e-11
6.56032e-08
-3.12183e-11
6.56039e-08
-3.07267e-11
6.56045e-08
-3.01875e-11
6.56052e-08
-2.96143e-11
6.56059e-08
-2.90173e-11
6.56066e-08
-2.84082e-11
6.56073e-08
-2.7794e-11
6.5608e-08
-2.71816e-11
6.56088e-08
-2.65731e-11
6.56096e-08
-2.59709e-11
6.56104e-08
-2.53737e-11
6.56113e-08
-2.47813e-11
6.56122e-08
-2.41916e-11
6.56132e-08
-2.3605e-11
6.56143e-08
-2.30202e-11
6.56154e-08
-2.24387e-11
6.56167e-08
-2.1859e-11
6.5618e-08
-2.12811e-11
6.56194e-08
-2.07025e-11
6.5621e-08
-2.01245e-11
6.56226e-08
-1.95427e-11
6.56245e-08
-1.89557e-11
6.56264e-08
-1.83557e-11
6.56285e-08
-1.77417e-11
6.56308e-08
-1.71106e-11
6.56333e-08
-1.64631e-11
6.56359e-08
-1.57994e-11
6.56387e-08
-1.51287e-11
6.56417e-08
-1.44561e-11
6.56448e-08
-1.37997e-11
6.56481e-08
-1.31641e-11
6.56516e-08
-1.27336e-11
6.56551e-08
-1.20596e-11
6.56587e-08
-1.14196e-11
6.56624e-08
-1.07723e-11
6.56661e-08
-1.00819e-11
6.56699e-08
-9.49402e-12
6.56738e-08
-8.94209e-12
6.5678e-08
-8.74296e-12
6.56821e-08
-8.06069e-12
6.5686e-08
-6.99191e-12
6.56898e-08
-6.31995e-12
6.56933e-08
-5.78144e-12
6.56966e-08
-5.38514e-12
6.56994e-08
-5.38222e-12
6.57018e-08
-4.96562e-12
6.57039e-08
-4.37887e-12
6.57053e-08
-3.76633e-12
6.57056e-08
-4.06334e-12
6.57051e-08
-4.89868e-12
6.5704e-08
-5.7292e-12
6.57025e-08
-6.52063e-12
6.57008e-08
-7.68155e-12
6.56986e-08
-9.49738e-12
6.56957e-08
-1.17827e-11
6.56926e-08
-1.37408e-11
6.56896e-08
-1.54124e-11
6.56866e-08
-1.67118e-11
6.56835e-08
-1.72775e-11
6.56803e-08
-1.7638e-11
6.56772e-08
-1.77985e-11
6.5674e-08
-1.76278e-11
6.56708e-08
-1.74835e-11
6.5668e-08
-1.70727e-11
6.56654e-08
-1.65594e-11
6.56629e-08
-1.59476e-11
6.56605e-08
-1.51263e-11
6.56579e-08
-1.44885e-11
6.5656e-08
-1.32984e-11
6.56547e-08
-1.20717e-11
6.5653e-08
-1.15675e-11
6.56508e-08
-1.14157e-11
6.56487e-08
-1.0949e-11
6.56473e-08
-1.06361e-11
6.56463e-08
-1.01983e-11
6.56456e-08
-9.49249e-12
6.56451e-08
-8.85506e-12
6.56447e-08
-7.94004e-12
6.5644e-08
-7.41867e-12
6.56434e-08
-7.13038e-12
6.56429e-08
-6.73284e-12
6.56423e-08
-6.36794e-12
6.56417e-08
-5.88877e-12
6.5641e-08
-5.42945e-12
6.56406e-08
-5.55105e-12
6.56404e-08
-5.88962e-12
6.56403e-08
-6.26317e-12
6.564e-08
-6.59315e-12
6.56396e-08
-7.81967e-12
-8.26007e-12
5.02585e-08
-7.71955e-10
5.09782e-08
-2.23472e-09
5.19747e-08
-3.31254e-09
5.31035e-08
-4.01535e-09
5.42801e-08
-4.43987e-09
5.54284e-08
-4.61829e-09
5.65003e-08
-4.61031e-09
5.7447e-08
-4.45665e-09
5.82554e-08
-4.2169e-09
5.89322e-08
-3.93789e-09
5.94904e-08
-3.64613e-09
5.99531e-08
-3.35895e-09
6.03342e-08
-3.0842e-09
6.06426e-08
-2.82531e-09
6.08886e-08
-2.58728e-09
6.10805e-08
-2.37009e-09
6.12269e-08
-2.17353e-09
6.13358e-08
-1.99666e-09
6.14134e-08
-1.83822e-09
6.14652e-08
-1.69634e-09
6.1496e-08
-1.56927e-09
6.15098e-08
-1.45544e-09
6.15098e-08
-1.35333e-09
6.14989e-08
-1.26155e-09
6.14792e-08
-1.17884e-09
6.14526e-08
-1.10409e-09
6.14206e-08
-1.03632e-09
6.13845e-08
-9.74694e-10
6.13453e-08
-9.18463e-10
6.13038e-08
-8.66989e-10
6.12607e-08
-8.19719e-10
6.12167e-08
-7.76175e-10
6.1172e-08
-7.35943e-10
6.11272e-08
-6.98668e-10
6.10824e-08
-6.64038e-10
6.1038e-08
-6.31786e-10
6.09942e-08
-6.01678e-10
6.0951e-08
-5.73509e-10
6.09087e-08
-5.47101e-10
6.08672e-08
-5.22297e-10
6.08267e-08
-4.98958e-10
6.07873e-08
-4.76962e-10
6.07489e-08
-4.562e-10
6.07116e-08
-4.36574e-10
6.06755e-08
-4.17999e-10
6.06404e-08
-4.00395e-10
6.06064e-08
-3.83694e-10
6.05736e-08
-3.67831e-10
6.05418e-08
-3.5275e-10
6.05111e-08
-3.38398e-10
6.04815e-08
-3.24727e-10
6.04529e-08
-3.11693e-10
6.04254e-08
-2.99257e-10
6.03988e-08
-2.87381e-10
6.03732e-08
-2.7603e-10
6.03486e-08
-2.65171e-10
6.03249e-08
-2.54772e-10
6.03021e-08
-2.44803e-10
6.02803e-08
-2.35232e-10
6.02593e-08
-2.26029e-10
6.02392e-08
-2.17161e-10
6.022e-08
-2.08595e-10
6.02017e-08
-2.00294e-10
6.01842e-08
-1.92222e-10
6.01677e-08
-1.84339e-10
6.0152e-08
-1.76605e-10
6.01373e-08
-1.6898e-10
6.01234e-08
-1.61426e-10
6.01106e-08
-1.53909e-10
6.00987e-08
-1.46399e-10
6.00877e-08
-1.38874e-10
6.00777e-08
-1.31324e-10
6.00687e-08
-1.23747e-10
6.00606e-08
-1.16155e-10
6.00535e-08
-1.08574e-10
6.00472e-08
-1.0104e-10
6.00417e-08
-9.36016e-11
6.0037e-08
-8.63155e-11
6.0033e-08
-7.92446e-11
6.00296e-08
-7.24546e-11
6.00267e-08
-6.60106e-11
6.00242e-08
-5.99727e-11
6.00221e-08
-5.43944e-11
6.00203e-08
-4.93176e-11
6.00186e-08
-4.47738e-11
6.0017e-08
-4.07791e-11
6.00155e-08
-3.73382e-11
6.0014e-08
-3.444e-11
6.00123e-08
-3.2064e-11
6.00106e-08
-3.01763e-11
6.00087e-08
-2.87373e-11
6.00067e-08
-2.76985e-11
6.00045e-08
-2.70099e-11
6.0002e-08
-2.66166e-11
5.99994e-08
-2.64669e-11
5.99967e-08
-2.65073e-11
5.99937e-08
-2.66906e-11
5.99906e-08
-2.69699e-11
5.99873e-08
-2.73062e-11
5.99839e-08
-2.76621e-11
5.99805e-08
-2.80085e-11
5.99769e-08
-2.8319e-11
5.99733e-08
-2.85756e-11
5.99696e-08
-2.87622e-11
5.9966e-08
-2.88703e-11
5.99623e-08
-2.88927e-11
5.99587e-08
-2.8829e-11
5.99551e-08
-2.86793e-11
5.99515e-08
-2.84498e-11
5.9948e-08
-2.81464e-11
5.99446e-08
-2.77794e-11
5.99412e-08
-2.73576e-11
5.99379e-08
-2.68934e-11
5.99347e-08
-2.6396e-11
5.99315e-08
-2.58777e-11
5.99285e-08
-2.5347e-11
5.99255e-08
-2.48133e-11
5.99226e-08
-2.42814e-11
5.99198e-08
-2.37567e-11
5.99171e-08
-2.32398e-11
5.99144e-08
-2.27329e-11
5.99119e-08
-2.22338e-11
5.99094e-08
-2.1743e-11
5.99071e-08
-2.12584e-11
5.99048e-08
-2.07817e-11
5.99027e-08
-2.03115e-11
5.99007e-08
-1.98492e-11
5.98988e-08
-1.9393e-11
5.98971e-08
-1.89442e-11
5.98954e-08
-1.85022e-11
5.9894e-08
-1.80667e-11
5.98926e-08
-1.76343e-11
5.98915e-08
-1.72007e-11
5.98905e-08
-1.6761e-11
5.98897e-08
-1.63128e-11
5.98891e-08
-1.58529e-11
5.98887e-08
-1.53804e-11
5.98884e-08
-1.48986e-11
5.98884e-08
-1.44047e-11
5.98885e-08
-1.39027e-11
5.98887e-08
-1.33851e-11
5.98887e-08
-1.26926e-11
5.98887e-08
-1.2095e-11
5.9889e-08
-1.17347e-11
5.98896e-08
-1.13577e-11
5.9891e-08
-1.14895e-11
5.98926e-08
-1.10503e-11
5.98938e-08
-1.01859e-11
5.98948e-08
-9.68017e-12
5.98953e-08
-8.52615e-12
5.98963e-08
-8.01045e-12
5.98976e-08
-7.61972e-12
5.98994e-08
-7.56749e-12
5.9901e-08
-7.01232e-12
5.99016e-08
-5.92869e-12
5.99019e-08
-5.34039e-12
5.99026e-08
-5.06538e-12
5.99037e-08
-4.81377e-12
5.99037e-08
-4.08685e-12
5.99029e-08
-4.00167e-12
5.99021e-08
-5.02526e-12
5.9902e-08
-6.38771e-12
5.99014e-08
-7.112e-12
5.98993e-08
-7.43988e-12
5.98963e-08
-8.82702e-12
5.98931e-08
-1.05488e-11
5.98896e-08
-1.18529e-11
5.98857e-08
-1.28585e-11
5.98818e-08
-1.3376e-11
5.98779e-08
-1.36529e-11
5.98739e-08
-1.38033e-11
5.987e-08
-1.37422e-11
5.98662e-08
-1.36788e-11
5.98626e-08
-1.35264e-11
5.98593e-08
-1.31732e-11
5.98559e-08
-1.25566e-11
5.98526e-08
-1.18802e-11
5.98496e-08
-1.15079e-11
5.98472e-08
-1.08665e-11
5.98451e-08
-9.98711e-12
5.98429e-08
-9.33795e-12
5.98404e-08
-8.89088e-12
5.98378e-08
-8.39017e-12
5.98354e-08
-8.27746e-12
5.98335e-08
-8.2361e-12
5.98318e-08
-7.81103e-12
5.98302e-08
-7.32142e-12
5.9829e-08
-6.7202e-12
5.98277e-08
-6.11049e-12
5.98263e-08
-5.68989e-12
5.98249e-08
-5.38837e-12
5.98238e-08
-5.22349e-12
5.98229e-08
-4.97712e-12
5.9822e-08
-4.53997e-12
5.98209e-08
-4.42049e-12
5.98196e-08
-4.65021e-12
5.98184e-08
-5.06918e-12
5.98172e-08
-5.3949e-12
5.98154e-08
-5.94412e-12
-6.06335e-12
5.0429e-08
-1.20096e-09
5.15295e-08
-3.33523e-09
5.29037e-08
-4.68667e-09
5.43478e-08
-5.45953e-09
5.56728e-08
-5.76489e-09
5.67938e-08
-5.73923e-09
5.76715e-08
-5.48805e-09
5.83268e-08
-5.11199e-09
5.87967e-08
-4.68684e-09
5.91068e-08
-4.24793e-09
5.92799e-08
-3.81929e-09
5.93434e-08
-3.42246e-09
5.93212e-08
-3.06195e-09
5.92354e-08
-2.7395e-09
5.91025e-08
-2.45444e-09
5.89364e-08
-2.20391e-09
5.87476e-08
-1.98477e-09
5.85445e-08
-1.7936e-09
5.83333e-08
-1.62702e-09
5.81187e-08
-1.48171e-09
5.79041e-08
-1.35467e-09
5.7692e-08
-1.24333e-09
5.74841e-08
-1.14543e-09
5.72816e-08
-1.05901e-09
5.70851e-08
-9.82429e-10
5.68953e-08
-9.14262e-10
5.67123e-08
-8.53319e-10
5.65362e-08
-7.98589e-10
5.6367e-08
-7.49223e-10
5.62045e-08
-7.045e-10
5.60486e-08
-6.63816e-10
5.58991e-08
-6.26657e-10
5.57557e-08
-5.9259e-10
5.56183e-08
-5.61246e-10
5.54866e-08
-5.3231e-10
5.53603e-08
-5.05516e-10
5.52393e-08
-4.80632e-10
5.51232e-08
-4.5746e-10
5.50119e-08
-4.3583e-10
5.49052e-08
-4.15592e-10
5.48029e-08
-3.96616e-10
5.47047e-08
-3.7879e-10
5.46105e-08
-3.62014e-10
5.45202e-08
-3.46198e-10
5.44334e-08
-3.31265e-10
5.43502e-08
-3.17145e-10
5.42703e-08
-3.03776e-10
5.41935e-08
-2.91103e-10
5.41199e-08
-2.79074e-10
5.40491e-08
-2.67644e-10
5.39811e-08
-2.56774e-10
5.39159e-08
-2.46424e-10
5.38532e-08
-2.36562e-10
5.3793e-08
-2.27155e-10
5.37351e-08
-2.18175e-10
5.36795e-08
-2.09596e-10
5.36261e-08
-2.01391e-10
5.35749e-08
-1.93536e-10
5.35257e-08
-1.86007e-10
5.34784e-08
-1.78781e-10
5.34331e-08
-1.71833e-10
5.33896e-08
-1.65137e-10
5.3348e-08
-1.58667e-10
5.33082e-08
-1.52394e-10
5.32701e-08
-1.46287e-10
5.32338e-08
-1.40317e-10
5.31993e-08
-1.34448e-10
5.31665e-08
-1.28652e-10
5.31355e-08
-1.22896e-10
5.31063e-08
-1.17155e-10
5.30788e-08
-1.11405e-10
5.30531e-08
-1.05632e-10
5.30292e-08
-9.9829e-11
5.30071e-08
-9.39983e-11
5.29867e-08
-8.81515e-11
5.29679e-08
-8.23129e-11
5.29508e-08
-7.65138e-11
5.29353e-08
-7.0796e-11
5.29213e-08
-6.52062e-11
5.29086e-08
-5.9796e-11
5.28972e-08
-5.46177e-11
5.2887e-08
-4.97218e-11
5.28777e-08
-4.51552e-11
5.28694e-08
-4.09562e-11
5.28617e-08
-3.71568e-11
5.28547e-08
-3.37757e-11
5.28482e-08
-3.08245e-11
5.28421e-08
-2.82996e-11
5.28362e-08
-2.61924e-11
5.28305e-08
-2.44793e-11
5.28249e-08
-2.31353e-11
5.28193e-08
-2.21229e-11
5.28137e-08
-2.14071e-11
5.2808e-08
-2.09435e-11
5.28023e-08
-2.06944e-11
5.27964e-08
-2.06147e-11
5.27903e-08
-2.06692e-11
5.27842e-08
-2.08172e-11
5.27779e-08
-2.1029e-11
5.27715e-08
-2.1271e-11
5.2765e-08
-2.15209e-11
5.27585e-08
-2.17538e-11
5.27519e-08
-2.19558e-11
5.27452e-08
-2.21102e-11
5.27386e-08
-2.22105e-11
5.27319e-08
-2.22471e-11
5.27253e-08
-2.22202e-11
5.27188e-08
-2.21263e-11
5.27123e-08
-2.19712e-11
5.27059e-08
-2.17561e-11
5.26996e-08
-2.14905e-11
5.26934e-08
-2.11786e-11
5.26874e-08
-2.08316e-11
5.26814e-08
-2.04553e-11
5.26756e-08
-2.00612e-11
5.26699e-08
-1.96546e-11
5.26644e-08
-1.92457e-11
5.26589e-08
-1.88369e-11
5.26536e-08
-1.84355e-11
5.26484e-08
-1.80409e-11
5.26433e-08
-1.76575e-11
5.26384e-08
-1.72818e-11
5.26335e-08
-1.69166e-11
5.26288e-08
-1.65582e-11
5.26243e-08
-1.62099e-11
5.26198e-08
-1.58684e-11
5.26155e-08
-1.55367e-11
5.26113e-08
-1.52119e-11
5.26073e-08
-1.48978e-11
5.26034e-08
-1.45928e-11
5.25996e-08
-1.42998e-11
5.2596e-08
-1.40141e-11
5.25925e-08
-1.37349e-11
5.25892e-08
-1.34556e-11
5.25861e-08
-1.31753e-11
5.25831e-08
-1.2888e-11
5.25803e-08
-1.25926e-11
5.25777e-08
-1.22873e-11
5.25753e-08
-1.19701e-11
5.2573e-08
-1.16377e-11
5.25709e-08
-1.12759e-11
5.25691e-08
-1.08481e-11
5.25674e-08
-1.04606e-11
5.25658e-08
-1.01125e-11
5.25642e-08
-9.76086e-12
5.25619e-08
-9.17194e-12
5.25598e-08
-8.88218e-12
5.25584e-08
-8.79882e-12
5.25566e-08
-7.88879e-12
5.25557e-08
-7.58753e-12
5.25553e-08
-7.69173e-12
5.25549e-08
-7.11965e-12
5.25537e-08
-6.41371e-12
5.25527e-08
-6.04078e-12
5.25527e-08
-5.89405e-12
5.25527e-08
-5.32928e-12
5.2552e-08
-4.34542e-12
5.25511e-08
-3.94626e-12
5.25509e-08
-3.80491e-12
5.25506e-08
-3.72859e-12
5.25502e-08
-4.67275e-12
5.25491e-08
-5.23173e-12
5.25475e-08
-5.59435e-12
5.25469e-08
-6.80308e-12
5.25457e-08
-7.68219e-12
5.2543e-08
-7.88789e-12
5.25396e-08
-8.4642e-12
5.25359e-08
-9.06129e-12
5.25319e-08
-9.43667e-12
5.25279e-08
-9.62338e-12
5.25238e-08
-9.70478e-12
5.25198e-08
-9.68953e-12
5.25158e-08
-9.68539e-12
5.2512e-08
-9.69962e-12
5.25083e-08
-9.56283e-12
5.25046e-08
-8.79765e-12
5.25008e-08
-8.11403e-12
5.24975e-08
-8.1994e-12
5.24947e-08
-8.08297e-12
5.24921e-08
-7.40832e-12
5.24897e-08
-6.87431e-12
5.24873e-08
-6.49503e-12
5.24847e-08
-5.80576e-12
5.24822e-08
-5.7814e-12
5.24799e-08
-5.97436e-12
5.24779e-08
-5.73308e-12
5.24759e-08
-5.37395e-12
5.24741e-08
-4.95868e-12
5.24724e-08
-4.3358e-12
5.24704e-08
-3.75519e-12
5.24686e-08
-3.58121e-12
5.24671e-08
-3.66645e-12
5.24658e-08
-3.66939e-12
5.24644e-08
-3.20704e-12
5.24627e-08
-2.74632e-12
5.2461e-08
-2.94452e-12
5.24594e-08
-3.42581e-12
5.2457e-08
-3.0365e-12
5.24541e-08
-2.97423e-12
-3.50898e-12
5.07869e-08
-1.98793e-09
5.25416e-08
-5.08986e-09
5.42844e-08
-6.42943e-09
5.5724e-08
-6.8992e-09
5.67295e-08
-6.77035e-09
5.73659e-08
-6.37567e-09
5.76386e-08
-5.76074e-09
5.76113e-08
-5.08479e-09
5.73538e-08
-4.42928e-09
5.6938e-08
-3.83214e-09
5.64244e-08
-3.30567e-09
5.58547e-08
-2.85283e-09
5.52613e-08
-2.46848e-09
5.46665e-08
-2.14471e-09
5.4085e-08
-1.87302e-09
5.35263e-08
-1.64514e-09
5.29953e-08
-1.45377e-09
5.24943e-08
-1.29266e-09
5.20239e-08
-1.15657e-09
5.15833e-08
-1.04108e-09
5.11711e-08
-9.42534e-10
5.07858e-08
-8.57976e-10
5.04253e-08
-7.84993e-10
5.00879e-08
-7.21613e-10
4.97718e-08
-6.66232e-10
4.9475e-08
-6.1754e-10
4.91962e-08
-5.7447e-10
4.89337e-08
-5.36145e-10
4.86864e-08
-5.01848e-10
4.84529e-08
-4.7099e-10
4.82321e-08
-4.43081e-10
4.80232e-08
-4.1772e-10
4.78252e-08
-3.94569e-10
4.76373e-08
-3.73347e-10
4.74588e-08
-3.5382e-10
4.7289e-08
-3.35788e-10
4.71275e-08
-3.19083e-10
4.69736e-08
-3.0356e-10
4.68269e-08
-2.89096e-10
4.66869e-08
-2.75586e-10
4.65532e-08
-2.62937e-10
4.64255e-08
-2.51069e-10
4.63034e-08
-2.39913e-10
4.61866e-08
-2.29406e-10
4.60748e-08
-2.19495e-10
4.59678e-08
-2.10131e-10
4.58653e-08
-2.01272e-10
4.57671e-08
-1.92879e-10
4.56729e-08
-1.84918e-10
4.55826e-08
-1.77357e-10
4.5496e-08
-1.7017e-10
4.54129e-08
-1.63331e-10
4.53332e-08
-1.56816e-10
4.52566e-08
-1.50606e-10
4.51831e-08
-1.4468e-10
4.51126e-08
-1.39022e-10
4.50448e-08
-1.33614e-10
4.49797e-08
-1.28442e-10
4.49172e-08
-1.23491e-10
4.48571e-08
-1.18744e-10
4.47995e-08
-1.14188e-10
4.47442e-08
-1.09807e-10
4.46911e-08
-1.05585e-10
4.46402e-08
-1.01502e-10
4.45915e-08
-9.75411e-11
4.45448e-08
-9.36802e-11
4.45003e-08
-8.98995e-11
4.44578e-08
-8.61749e-11
4.44174e-08
-8.24869e-11
4.43791e-08
-7.88125e-11
4.43428e-08
-7.51361e-11
4.43086e-08
-7.14409e-11
4.42765e-08
-6.77199e-11
4.42465e-08
-6.39673e-11
4.42185e-08
-6.01885e-11
4.41926e-08
-5.6392e-11
4.41687e-08
-5.25972e-11
4.41467e-08
-4.88268e-11
4.41266e-08
-4.51112e-11
4.41083e-08
-4.14835e-11
4.40917e-08
-3.79793e-11
4.40766e-08
-3.46351e-11
4.40629e-08
-3.14837e-11
4.40505e-08
-2.85574e-11
4.40392e-08
-2.58788e-11
4.40289e-08
-2.34699e-11
4.40194e-08
-2.13388e-11
4.40106e-08
-1.94936e-11
4.40023e-08
-1.79268e-11
4.39945e-08
-1.66334e-11
4.39869e-08
-1.55927e-11
4.39796e-08
-1.47897e-11
4.39724e-08
-1.41947e-11
4.39652e-08
-1.37873e-11
4.39581e-08
-1.35342e-11
4.39509e-08
-1.34137e-11
4.39436e-08
-1.33932e-11
4.39362e-08
-1.3453e-11
4.39288e-08
-1.35637e-11
4.39212e-08
-1.37099e-11
4.39136e-08
-1.3867e-11
4.39058e-08
-1.4025e-11
4.38981e-08
-1.41655e-11
4.38902e-08
-1.42835e-11
4.38824e-08
-1.43658e-11
4.38746e-08
-1.4412e-11
4.38668e-08
-1.44137e-11
4.3859e-08
-1.43749e-11
4.38513e-08
-1.42912e-11
4.38437e-08
-1.41699e-11
4.38363e-08
-1.40097e-11
4.38289e-08
-1.38198e-11
4.38217e-08
-1.36007e-11
4.38146e-08
-1.3363e-11
4.38076e-08
-1.3108e-11
4.38008e-08
-1.28461e-11
4.37942e-08
-1.25778e-11
4.37876e-08
-1.23122e-11
4.37812e-08
-1.20482e-11
4.3775e-08
-1.17927e-11
4.37689e-08
-1.15422e-11
4.37629e-08
-1.13016e-11
4.37571e-08
-1.10661e-11
4.37513e-08
-1.08402e-11
4.37457e-08
-1.06191e-11
4.37403e-08
-1.0407e-11
4.37349e-08
-1.01994e-11
4.37297e-08
-1.00009e-11
4.37246e-08
-9.80822e-12
4.37197e-08
-9.62722e-12
4.37148e-08
-9.45402e-12
4.37101e-08
-9.29241e-12
4.37055e-08
-9.13556e-12
4.3701e-08
-8.98509e-12
4.36967e-08
-8.83441e-12
4.36925e-08
-8.68447e-12
4.36884e-08
-8.52692e-12
4.36845e-08
-8.36402e-12
4.36807e-08
-8.18992e-12
4.36771e-08
-8.00412e-12
4.36736e-08
-7.79778e-12
4.36703e-08
-7.57039e-12
4.36672e-08
-7.34377e-12
4.36642e-08
-7.1103e-12
4.36613e-08
-6.84779e-12
4.36587e-08
-6.499e-12
4.36561e-08
-6.28952e-12
4.36532e-08
-5.96126e-12
4.36508e-08
-5.47358e-12
4.36488e-08
-5.49895e-12
4.36467e-08
-5.62509e-12
4.36449e-08
-5.32767e-12
4.36433e-08
-4.75693e-12
4.36417e-08
-4.48122e-12
4.364e-08
-4.12459e-12
4.36376e-08
-2.9621e-12
4.36356e-08
-2.29594e-12
4.36346e-08
-2.93099e-12
4.36341e-08
-3.32604e-12
4.36336e-08
-3.23198e-12
4.3632e-08
-3.13908e-12
4.36304e-08
-3.61479e-12
4.36294e-08
-4.57913e-12
4.36277e-08
-5.14651e-12
4.36254e-08
-5.44301e-12
4.36228e-08
-5.32125e-12
4.362e-08
-5.5887e-12
4.36168e-08
-5.8672e-12
4.36134e-08
-6.03791e-12
4.36099e-08
-6.0832e-12
4.36062e-08
-6.04512e-12
4.36024e-08
-5.9229e-12
4.35985e-08
-5.74256e-12
4.35943e-08
-5.51176e-12
4.359e-08
-5.26614e-12
4.35866e-08
-5.33466e-12
4.35837e-08
-5.25666e-12
4.35802e-08
-4.74258e-12
4.35764e-08
-4.2337e-12
4.35734e-08
-4.39469e-12
4.3571e-08
-4.49026e-12
4.3569e-08
-4.52102e-12
4.35682e-08
-4.9393e-12
4.3567e-08
-4.6183e-12
4.3565e-08
-3.96712e-12
4.35628e-08
-3.58115e-12
4.35607e-08
-3.24353e-12
4.35585e-08
-2.78249e-12
4.35563e-08
-2.15476e-12
4.35543e-08
-1.67375e-12
4.35522e-08
-1.56422e-12
4.35503e-08
-1.74667e-12
4.35482e-08
-1.58237e-12
4.35465e-08
-1.50199e-12
4.35456e-08
-1.84507e-12
4.35446e-08
-1.90831e-12
4.35428e-08
-1.62687e-12
4.35413e-08
-1.49628e-12
4.35395e-08
-1.21647e-12
-1.35434e-12
5.16269e-08
-3.61474e-09
5.37519e-08
-7.21485e-09
5.50478e-08
-7.72522e-09
5.55944e-08
-7.44589e-09
5.54299e-08
-6.60583e-09
5.47436e-08
-5.68937e-09
5.36561e-08
-4.67335e-09
5.23707e-08
-3.79941e-09
5.10175e-08
-3.07599e-09
4.96817e-08
-2.49642e-09
4.84159e-08
-2.03981e-09
4.72459e-08
-1.68282e-09
4.61811e-08
-1.40371e-09
4.52207e-08
-1.18429e-09
4.43582e-08
-1.01048e-09
4.35845e-08
-8.71488e-10
4.289e-08
-7.59268e-10
4.22651e-08
-6.67793e-10
4.17011e-08
-5.92537e-10
4.11901e-08
-5.30044e-10
4.07252e-08
-4.77666e-10
4.03006e-08
-4.33372e-10
3.99112e-08
-3.95592e-10
3.95527e-08
-3.63096e-10
3.92214e-08
-3.34917e-10
3.89141e-08
-3.10289e-10
3.86283e-08
-2.88605e-10
3.83615e-08
-2.69376e-10
3.81119e-08
-2.52212e-10
3.78777e-08
-2.36794e-10
3.76575e-08
-2.22866e-10
3.745e-08
-2.10217e-10
3.72541e-08
-1.98673e-10
3.70688e-08
-1.88091e-10
3.68933e-08
-1.78351e-10
3.67269e-08
-1.69354e-10
3.65688e-08
-1.61014e-10
3.64185e-08
-1.5326e-10
3.62755e-08
-1.46031e-10
3.61392e-08
-1.39274e-10
3.60092e-08
-1.32945e-10
3.58851e-08
-1.27003e-10
3.57666e-08
-1.21414e-10
3.56533e-08
-1.16147e-10
3.5545e-08
-1.11177e-10
3.54414e-08
-1.06479e-10
3.53421e-08
-1.02031e-10
3.52471e-08
-9.78159e-11
3.5156e-08
-9.38158e-11
3.50686e-08
-9.00155e-11
3.49849e-08
-8.64014e-11
3.49045e-08
-8.2961e-11
3.48274e-08
-7.9683e-11
3.47533e-08
-7.65573e-11
3.46822e-08
-7.35746e-11
3.46139e-08
-7.07263e-11
3.45483e-08
-6.80046e-11
3.44853e-08
-6.54023e-11
3.44247e-08
-6.29122e-11
3.43665e-08
-6.05278e-11
3.43105e-08
-5.8242e-11
3.42568e-08
-5.60478e-11
3.42051e-08
-5.39375e-11
3.41555e-08
-5.1903e-11
3.41079e-08
-4.99349e-11
3.40623e-08
-4.80233e-11
3.40185e-08
-4.61572e-11
3.39767e-08
-4.43251e-11
3.39367e-08
-4.25151e-11
3.38986e-08
-4.07156e-11
3.38624e-08
-3.89153e-11
3.38281e-08
-3.71052e-11
3.37957e-08
-3.52775e-11
3.37651e-08
-3.34282e-11
3.37365e-08
-3.15559e-11
3.37098e-08
-2.96637e-11
3.36849e-08
-2.77582e-11
3.3662e-08
-2.58501e-11
3.36408e-08
-2.39532e-11
3.36214e-08
-2.20846e-11
3.36037e-08
-2.02626e-11
3.35876e-08
-1.85067e-11
3.35729e-08
-1.68362e-11
3.35596e-08
-1.52688e-11
3.35475e-08
-1.38201e-11
3.35366e-08
-1.25025e-11
3.35265e-08
-1.1325e-11
3.35173e-08
-1.02924e-11
3.35088e-08
-9.4057e-12
3.35008e-08
-8.6619e-12
3.34933e-08
-8.05495e-12
3.34861e-08
-7.57537e-12
3.34791e-08
-7.21206e-12
3.34722e-08
-6.95172e-12
3.34655e-08
-6.78073e-12
3.34588e-08
-6.68452e-12
3.3452e-08
-6.64924e-12
3.34452e-08
-6.66091e-12
3.34384e-08
-6.70695e-12
3.34314e-08
-6.77532e-12
3.34244e-08
-6.85595e-12
3.34174e-08
-6.93969e-12
3.34102e-08
-7.01939e-12
3.3403e-08
-7.08866e-12
3.33958e-08
-7.14291e-12
3.33886e-08
-7.17829e-12
3.33814e-08
-7.19274e-12
3.33742e-08
-7.18489e-12
3.3367e-08
-7.1549e-12
3.336e-08
-7.10334e-12
3.3353e-08
-7.03195e-12
3.33461e-08
-6.94261e-12
3.33394e-08
-6.83817e-12
3.33327e-08
-6.72135e-12
3.33262e-08
-6.59556e-12
3.33198e-08
-6.46367e-12
3.33136e-08
-6.3289e-12
3.33075e-08
-6.19363e-12
3.33015e-08
-6.06033e-12
3.32956e-08
-5.93026e-12
3.32899e-08
-5.80451e-12
3.32843e-08
-5.68307e-12
3.32788e-08
-5.56631e-12
3.32734e-08
-5.45383e-12
3.32681e-08
-5.34579e-12
3.32629e-08
-5.24158e-12
3.32579e-08
-5.14137e-12
3.32529e-08
-5.04491e-12
3.32481e-08
-4.9533e-12
3.32433e-08
-4.86734e-12
3.32386e-08
-4.78803e-12
3.32341e-08
-4.7149e-12
3.32296e-08
-4.6472e-12
3.32252e-08
-4.58311e-12
3.32208e-08
-4.52162e-12
3.32166e-08
-4.46038e-12
3.32125e-08
-4.39631e-12
3.32085e-08
-4.32824e-12
3.32045e-08
-4.25571e-12
3.32007e-08
-4.17428e-12
3.3197e-08
-4.08285e-12
3.31934e-08
-3.98324e-12
3.31899e-08
-3.87822e-12
3.31866e-08
-3.76096e-12
3.31834e-08
-3.62427e-12
3.31804e-08
-3.47345e-12
3.31775e-08
-3.36661e-12
3.31747e-08
-3.16625e-12
3.31722e-08
-2.95053e-12
3.31696e-08
-2.96428e-12
3.31671e-08
-3.0336e-12
3.31646e-08
-2.91236e-12
3.31626e-08
-2.64828e-12
3.31605e-08
-2.45727e-12
3.31585e-08
-2.01999e-12
3.31572e-08
-1.68378e-12
3.31565e-08
-1.55921e-12
3.3155e-08
-1.40493e-12
3.31533e-08
-1.63774e-12
3.31521e-08
-2.07271e-12
3.31509e-08
-1.95074e-12
3.31491e-08
-1.85459e-12
3.31468e-08
-2.35953e-12
3.31443e-08
-2.65213e-12
3.31417e-08
-2.8823e-12
3.31395e-08
-3.11318e-12
3.31371e-08
-3.13136e-12
3.31344e-08
-3.17126e-12
3.31315e-08
-3.16884e-12
3.31285e-08
-3.11142e-12
3.31255e-08
-3.02314e-12
3.31225e-08
-2.86245e-12
3.31194e-08
-2.61664e-12
3.31162e-08
-2.29256e-12
3.3113e-08
-2.11245e-12
3.31103e-08
-2.64056e-12
3.31079e-08
-2.90655e-12
3.31055e-08
-2.33405e-12
3.31033e-08
-1.96488e-12
3.31009e-08
-2.06191e-12
3.30987e-08
-2.25328e-12
3.30967e-08
-2.51354e-12
3.30945e-08
-2.75641e-12
3.30924e-08
-2.49561e-12
3.30905e-08
-2.05708e-12
3.30886e-08
-1.71753e-12
3.30867e-08
-1.35746e-12
3.30849e-08
-9.61264e-13
3.30836e-08
-8.7061e-13
3.30829e-08
-9.92042e-13
3.30819e-08
-5.77829e-13
3.30803e-08
-1.02702e-13
3.30789e-08
-2.318e-13
3.30783e-08
-8.85863e-13
3.30778e-08
-1.28801e-12
3.30768e-08
-9.68387e-13
3.30756e-08
-3.57642e-13
3.30741e-08
-7.44026e-14
3.30729e-08
6.96877e-14
-2.7066e-13
5.23565e-08
-5.97125e-09
5.26985e-08
-7.55676e-09
5.13961e-08
-6.4228e-09
4.91329e-08
-5.18267e-09
4.63642e-08
-3.83714e-09
4.35007e-08
-2.82592e-09
4.08583e-08
-2.03106e-09
3.85157e-08
-1.45679e-09
3.65013e-08
-1.06164e-09
3.47983e-08
-7.93437e-10
3.33687e-08
-6.10134e-10
3.21684e-08
-4.82587e-10
3.11563e-08
-3.91543e-10
3.02966e-08
-3.24636e-10
2.95603e-08
-2.74103e-10
2.89238e-08
-2.35007e-10
2.83687e-08
-2.04152e-10
2.78803e-08
-1.79401e-10
2.7447e-08
-1.59272e-10
2.70597e-08
-1.42696e-10
2.67109e-08
-1.28887e-10
2.63948e-08
-1.17256e-10
2.61065e-08
-1.0736e-10
2.58423e-08
-9.88563e-11
2.55989e-08
-9.1481e-11
2.53736e-08
-8.5027e-11
2.51643e-08
-7.93321e-11
2.49692e-08
-7.42679e-11
2.47867e-08
-6.97323e-11
2.46156e-08
-6.56432e-11
2.44547e-08
-6.19348e-11
2.4303e-08
-5.85534e-11
2.41598e-08
-5.54553e-11
2.40243e-08
-5.26043e-11
2.38959e-08
-4.99704e-11
2.37741e-08
-4.75286e-11
2.36583e-08
-4.52578e-11
2.35482e-08
-4.31399e-11
2.34433e-08
-4.11596e-11
2.33434e-08
-3.93037e-11
2.3248e-08
-3.75608e-11
2.31569e-08
-3.59208e-11
2.30699e-08
-3.43749e-11
2.29866e-08
-3.29153e-11
2.2907e-08
-3.15352e-11
2.28308e-08
-3.02284e-11
2.27577e-08
-2.89894e-11
2.26877e-08
-2.78134e-11
2.26206e-08
-2.66958e-11
2.25562e-08
-2.56328e-11
2.24944e-08
-2.46205e-11
2.24351e-08
-2.36559e-11
2.23782e-08
-2.27359e-11
2.23235e-08
-2.18579e-11
2.22709e-08
-2.10194e-11
2.22204e-08
-2.02182e-11
2.21719e-08
-1.94523e-11
2.21252e-08
-1.872e-11
2.20803e-08
-1.80193e-11
2.20371e-08
-1.73488e-11
2.19956e-08
-1.67065e-11
2.19556e-08
-1.6091e-11
2.19172e-08
-1.55e-11
2.18802e-08
-1.49318e-11
2.18447e-08
-1.43834e-11
2.18105e-08
-1.38528e-11
2.17777e-08
-1.33359e-11
2.17462e-08
-1.28303e-11
2.17161e-08
-1.23313e-11
2.16872e-08
-1.18362e-11
2.16596e-08
-1.13403e-11
2.16334e-08
-1.08414e-11
2.16084e-08
-1.03356e-11
2.15848e-08
-9.82193e-12
2.15626e-08
-9.2984e-12
2.15417e-08
-8.76601e-12
2.15222e-08
-8.22546e-12
2.1504e-08
-7.6799e-12
2.14872e-08
-7.13287e-12
2.14717e-08
-6.58922e-12
2.14574e-08
-6.05473e-12
2.14445e-08
-5.53487e-12
2.14326e-08
-5.0365e-12
2.14219e-08
-4.5644e-12
2.14122e-08
-4.12512e-12
2.14034e-08
-3.72156e-12
2.13954e-08
-3.35884e-12
2.13882e-08
-3.03718e-12
2.13815e-08
-2.75962e-12
2.13754e-08
-2.52361e-12
2.13696e-08
-2.33012e-12
2.13642e-08
-2.17431e-12
2.13591e-08
-2.05562e-12
2.13541e-08
-1.96779e-12
2.13492e-08
-1.90944e-12
2.13444e-08
-1.87371e-12
2.13396e-08
-1.85897e-12
2.13348e-08
-1.85843e-12
2.133e-08
-1.8707e-12
2.13251e-08
-1.88959e-12
2.13201e-08
-1.91439e-12
2.13152e-08
-1.93989e-12
2.13101e-08
-1.96614e-12
2.1305e-08
-1.98878e-12
2.12999e-08
-2.00849e-12
2.12947e-08
-2.02176e-12
2.12896e-08
-2.03001e-12
2.12844e-08
-2.03059e-12
2.12793e-08
-2.02558e-12
2.12742e-08
-2.01297e-12
2.12692e-08
-1.99528e-12
2.12642e-08
-1.97095e-12
2.12593e-08
-1.94285e-12
2.12545e-08
-1.90971e-12
2.12498e-08
-1.87458e-12
2.12452e-08
-1.83636e-12
2.12406e-08
-1.79812e-12
2.12362e-08
-1.75865e-12
2.12319e-08
-1.7208e-12
2.12276e-08
-1.68297e-12
2.12235e-08
-1.64754e-12
2.12194e-08
-1.6125e-12
2.12154e-08
-1.58006e-12
2.12115e-08
-1.54809e-12
2.12077e-08
-1.51866e-12
2.12039e-08
-1.48949e-12
2.12002e-08
-1.46255e-12
2.11966e-08
-1.4357e-12
2.11931e-08
-1.41137e-12
2.11896e-08
-1.38802e-12
2.11862e-08
-1.36801e-12
2.11828e-08
-1.34933e-12
2.11795e-08
-1.33354e-12
2.11762e-08
-1.31825e-12
2.1173e-08
-1.30505e-12
2.11699e-08
-1.29124e-12
2.11667e-08
-1.27702e-12
2.11637e-08
-1.26087e-12
2.11607e-08
-1.24414e-12
2.11577e-08
-1.22379e-12
2.11548e-08
-1.20102e-12
2.1152e-08
-1.17517e-12
2.11493e-08
-1.14455e-12
2.11467e-08
-1.10779e-12
2.11441e-08
-1.06784e-12
2.11417e-08
-1.02953e-12
2.11394e-08
-1.00053e-12
2.11371e-08
-9.39199e-13
2.11351e-08
-8.80939e-13
2.1133e-08
-8.95701e-13
2.11309e-08
-9.38112e-13
2.1129e-08
-9.15003e-13
2.11272e-08
-8.39392e-13
2.11255e-08
-7.67827e-13
2.11241e-08
-6.01787e-13
2.1123e-08
-5.24352e-13
2.11219e-08
-4.82727e-13
2.11209e-08
-4.12608e-13
2.11198e-08
-5.31169e-13
2.11184e-08
-7.05018e-13
2.11171e-08
-6.52522e-13
2.11158e-08
-5.95709e-13
2.11141e-08
-7.23305e-13
2.11122e-08
-8.18163e-13
2.11102e-08
-8.96842e-13
2.11081e-08
-9.81512e-13
2.11059e-08
-9.94941e-13
2.11038e-08
-9.89859e-13
2.11016e-08
-9.57577e-13
2.10994e-08
-9.05853e-13
2.10972e-08
-8.57831e-13
2.10951e-08
-7.86398e-13
2.10932e-08
-6.66485e-13
2.10914e-08
-5.10744e-13
2.10898e-08
-4.89458e-13
2.10879e-08
-7.39146e-13
2.10858e-08
-8.50896e-13
2.10842e-08
-6.60926e-13
2.10827e-08
-5.26326e-13
2.10812e-08
-5.42232e-13
2.10796e-08
-6.31237e-13
2.10778e-08
-7.66237e-13
2.10759e-08
-8.53173e-13
2.10742e-08
-7.69518e-13
2.10728e-08
-6.20265e-13
2.10715e-08
-4.81662e-13
2.10705e-08
-3.22836e-13
2.10697e-08
-2.0619e-13
2.10691e-08
-2.6454e-13
2.10685e-08
-3.55247e-13
2.10681e-08
-1.46182e-13
2.10678e-08
1.8233e-13
2.10674e-08
1.37877e-13
2.10667e-08
-2.01836e-13
2.10658e-08
-4.15327e-13
2.10652e-08
-2.89962e-13
2.10648e-08
3.2195e-14
2.10646e-08
1.40959e-13
2.10645e-08
1.11905e-13
-5.30989e-14
4.40288e-08
3.64721e-08
3.00493e-08
2.48666e-08
2.10294e-08
1.82034e-08
1.61723e-08
1.47155e-08
1.36539e-08
1.28605e-08
1.22503e-08
1.17677e-08
1.13762e-08
1.10516e-08
1.07775e-08
1.05425e-08
1.03383e-08
1.01589e-08
9.99964e-09
9.85695e-09
9.72806e-09
9.61081e-09
9.50345e-09
9.40459e-09
9.31311e-09
9.22809e-09
9.14875e-09
9.07449e-09
9.00476e-09
8.93911e-09
8.87718e-09
8.81862e-09
8.76317e-09
8.71057e-09
8.6606e-09
8.61307e-09
8.56781e-09
8.52467e-09
8.48351e-09
8.44421e-09
8.40665e-09
8.37073e-09
8.33635e-09
8.30344e-09
8.2719e-09
8.24167e-09
8.21268e-09
8.18487e-09
8.15818e-09
8.13254e-09
8.10792e-09
8.08427e-09
8.06153e-09
8.03968e-09
8.01866e-09
7.99844e-09
7.97899e-09
7.96027e-09
7.94225e-09
7.9249e-09
7.9082e-09
7.89211e-09
7.87661e-09
7.86168e-09
7.8473e-09
7.83346e-09
7.82012e-09
7.8073e-09
7.79497e-09
7.78314e-09
7.7718e-09
7.76096e-09
7.75063e-09
7.74081e-09
7.73151e-09
7.72275e-09
7.71452e-09
7.70684e-09
7.6997e-09
7.69311e-09
7.68705e-09
7.68151e-09
7.67647e-09
7.6719e-09
7.66776e-09
7.66403e-09
7.66067e-09
7.65763e-09
7.65486e-09
7.65233e-09
7.65e-09
7.64782e-09
7.64576e-09
7.64379e-09
7.64188e-09
7.64001e-09
7.63815e-09
7.63629e-09
7.63442e-09
7.63254e-09
7.63062e-09
7.62869e-09
7.62672e-09
7.62474e-09
7.62273e-09
7.62071e-09
7.61868e-09
7.61665e-09
7.61463e-09
7.61262e-09
7.61063e-09
7.60866e-09
7.60672e-09
7.60481e-09
7.60293e-09
7.6011e-09
7.5993e-09
7.59754e-09
7.59582e-09
7.59414e-09
7.59249e-09
7.59088e-09
7.5893e-09
7.58775e-09
7.58623e-09
7.58474e-09
7.58328e-09
7.58184e-09
7.58043e-09
7.57904e-09
7.57768e-09
7.57633e-09
7.57499e-09
7.57367e-09
7.57237e-09
7.57108e-09
7.5698e-09
7.56854e-09
7.5673e-09
7.56608e-09
7.56488e-09
7.56371e-09
7.56257e-09
7.56147e-09
7.56041e-09
7.55939e-09
7.55839e-09
7.55746e-09
7.55658e-09
7.55569e-09
7.55476e-09
7.55385e-09
7.55302e-09
7.55227e-09
7.55167e-09
7.55116e-09
7.55068e-09
7.55026e-09
7.54972e-09
7.549e-09
7.54833e-09
7.54772e-09
7.54698e-09
7.54615e-09
7.54524e-09
7.54426e-09
7.54326e-09
7.54227e-09
7.54132e-09
7.54042e-09
7.53956e-09
7.53878e-09
7.53812e-09
7.53761e-09
7.53713e-09
7.53639e-09
7.53554e-09
7.53487e-09
7.53435e-09
7.53381e-09
7.53318e-09
7.53241e-09
7.53156e-09
7.53079e-09
7.53017e-09
7.52969e-09
7.52936e-09
7.52915e-09
7.52889e-09
7.52853e-09
7.52838e-09
7.52856e-09
7.5287e-09
7.52849e-09
7.52808e-09
7.52779e-09
7.52782e-09
7.52797e-09
7.52808e-09
)
;

boundaryField
{
    inlet
    {
        type            calculated;
        value           nonuniform List<scalar> 
20
(
-5e-08
-5e-08
-5e-08
-5e-08
-5e-08
-5e-08
-5e-08
-5e-08
-5e-08
-5e-08
-5e-08
-5e-08
-5e-08
-5e-08
-5e-08
-5e-08
-5e-08
-5e-08
-5e-08
-5e-08
)
;
    }
    outlet
    {
        type            calculated;
        value           nonuniform List<scalar> 
20
(
7.52651e-09
2.10578e-08
3.30583e-08
4.35137e-08
5.24167e-08
5.97725e-08
6.55999e-08
6.99296e-08
7.27941e-08
7.42233e-08
7.42284e-08
7.28144e-08
6.99615e-08
6.56391e-08
5.98132e-08
5.24515e-08
4.35373e-08
3.30718e-08
2.10643e-08
7.52803e-09
)
;
    }
    walls
    {
        type            calculated;
        value           uniform 0;
    }
    frontAndBack
    {
        type            empty;
    }
}


// ************************************************************************* //
